时间	开盘	最高	最低	收盘	总手	金额	换手%	avg5	avg10	avg20	avg30	avg60
20120508,二	13.83	14.05	13.75	13.8	3908282	56194919	6.1	13.46	13.2	13.83	14.52	14.61
20120509,三	13.75	13.75	13.25	13.35	2099056	29277246	3.28	13.53	13.16	13.75	14.4	14.6
20120510,四	13.32	13.83	13.26	13.54	2042052	28817254	3.19	13.61	13.23	13.7	14.29	14.59
20120511,五	13.59	13.68	13.38	13.55	1564074	21878816	2.44	13.64	13.32	13.63	14.18	14.58
20120514,一	13.69	13.73	13.5	13.52	1603726	22612864	2.5	13.55	13.41	13.57	14.09	14.57
20120515,二	13.42	13.46	13.18	13.46	1600640	22036516	2.5	13.48	13.47	13.49	14.0	14.56
20120516,三	13.37	13.4	13.06	13.1	1310658	17970649	2.05	13.43	13.48	13.38	13.89	14.54
20120517,四	13.0	13.19	12.9	13.1	1624636	22012344	2.54	13.35	13.48	13.34	13.82	14.53
20120518,五	13.0	13.0	12.77	12.81	1276394	17055313	1.99	13.2	13.42	13.3	13.75	14.5
20120521,一	12.78	13.19	12.72	13.16	1972690	26749020	3.08	13.13	13.34	13.25	13.71	14.49
20120522,二	13.12	13.25	13.06	13.16	1308966	17870333	2.04	13.07	13.28	13.24	13.64	14.47
20120523,三	13.25	13.72	13.17	13.45	2554470	35770081	3.99	13.14	13.29	13.22	13.59	14.46
20120524,四	13.45	13.56	13.29	13.33	1382782	19265968	2.16	13.18	13.26	13.25	13.55	14.44
20120525,五	13.43	13.43	13.0	13.09	1261350	17241840	1.97	13.24	13.22	13.27	13.49	14.42
20120528,一	12.98	13.22	12.88	13.2	931764	12646398	1.46	13.25	13.19	13.3	13.44	14.39
20120529,二	13.25	13.35	13.11	13.33	1291630	17752633	2.02	13.28	13.17	13.32	13.38	14.36
20120530,三	13.34	13.44	13.23	13.3	1390216	19212841	2.17	13.25	13.19	13.34	13.32	14.33
20120531,四	13.23	13.41	13.06	13.28	1746970	23934489	2.73	13.24	13.21	13.34	13.3	14.3
20120601,五	13.35	13.4	13.26	13.35	1077268	14889356	1.68	13.29	13.27	13.34	13.29	14.28
20120604,一	13.3	13.7	13.15	13.49	3473114	48675169	5.42	13.35	13.3	13.32	13.27	14.26
20120605,二	13.59	13.61	13.36	13.46	1719464	23993632	2.69	13.38	13.33	13.3	13.27	14.23
20120606,三	13.46	13.5	12.81	12.89	2984642	40451057	4.66	13.29	13.27	13.28	13.24	14.2
20120607,四	13.09	13.1	12.59	12.77	2413324	32037475	3.77	13.19	13.22	13.24	13.24	14.17
20120608,五	12.85	12.85	12.65	12.83	1039324	13756683	1.62	13.09	13.19	13.2	13.24	14.14
20120611,一	13.05	13.88	13.03	13.71	7293168	102769713	11.39	13.13	13.24	13.21	13.28	14.12
20120612,二	13.6	13.77	13.45	13.73	2625584	37130391	4.1	13.19	13.28	13.23	13.31	14.1
20120613,三	13.59	13.78	13.55	13.76	2865102	40689503	4.47	13.36	13.33	13.26	13.33	14.08
20120614,四	13.75	14.33	13.7	14.15	6772696	99070767	10.58	13.64	13.41	13.31	13.37	14.06
20120615,五	14.16	14.45	13.85	14.0	5681810	82697376	8.87	13.87	13.48	13.37	13.39	14.05
20120618,一	13.87	13.88	13.16	13.33	3770893	50594210	2.94	13.79	13.46	13.38	13.37	14.01
20120619,二	13.33	13.74	13.24	13.62	3829585	51687247	2.99	13.77	13.48	13.4	13.36	13.94
20120620,三	13.78	14.13	13.66	14.07	5692198	79406917	4.45	13.83	13.6	13.43	13.38	13.89
20120621,四	13.94	13.94	13.4	13.54	2694857	36654120	2.1	13.71	13.67	13.44	13.38	13.84
20120625,一	13.31	13.32	12.19	12.19	3220549	40675066	2.51	13.35	13.61	13.4	13.34	13.76
20120626,二	12.21	12.33	11.29	11.71	2527320	29495347	1.97	13.03	13.41	13.33	13.28	13.69
20120627,三	11.67	11.71	11.31	11.41	2291213	26260210	1.79	12.58	13.18	13.23	13.21	13.61
20120628,四	11.47	11.57	11.01	11.02	1892238	21327640	1.48	11.97	12.9	13.12	13.14	13.52
20120629,五	11.0	11.2	10.52	11.2	2044554	22311534	1.6	11.51	12.61	13.01	13.08	13.45
20120702,一	11.2	11.59	11.1	11.49	1836047	20993965	1.43	11.37	12.36	12.92	13.03	13.39
20120703,二	11.47	11.54	11.3	11.46	1454637	16626464	1.14	11.32	12.17	12.82	12.98	13.34
20120704,三	11.45	11.55	11.24	11.28	1069514	12185473	0.835	11.29	11.94	12.71	12.91	13.28
20120706,五	11.28	11.32	10.54	11.28	2536668	27699118	1.98	11.34	11.66	12.63	12.84	13.22
20120709,一	11.16	11.3	10.8	10.88	1449366	16039192	1.13	11.28	11.39	12.53	12.76	13.16
20120710,二	10.88	11.0	10.6	10.65	979377	10569569	0.765	11.11	11.24	12.42	12.68	13.09
20120711,三	10.0	10.4	9.92	10.07	2626288	26586327	2.05	10.83	11.07	12.24	12.57	13.01
20120712,四	9.99	10.64	9.96	10.47	2814979	29282359	2.2	10.67	10.98	12.08	12.48	12.93
20120713,五	10.46	11.3	10.42	10.92	2577310	28322210	2.01	10.6	10.97	11.94	12.4	12.86
20120716,一	10.9	11.19	10.65	10.86	1673041	18276366	1.31	10.59	10.94	11.77	12.32	12.81
20120717,二	10.98	10.98	10.7	10.75	852093	9205350	0.665	10.61	10.86	11.61	12.23	12.76
20120718,三	10.63	11.32	10.63	11.31	2161943	23979921	1.69	10.86	10.85	11.51	12.16	12.71
20120719,四	11.18	11.44	11.15	11.21	1473384	16608130	1.15	11.01	10.84	11.39	12.09	12.68
20120720,五	11.21	11.26	10.98	11.03	839338	9292061	0.655	11.03	10.82	11.24	12.02	12.63
20120723,一	10.95	11.19	10.87	11.03	577922	6377429	0.451	11.07	10.83	11.11	11.97	12.6
20120724,二	11.0	11.16	10.9	11.08	949000	10504771	0.741	11.13	10.87	11.06	11.91	12.57
20120725,三	11.08	11.25	11.0	11.03	801865	8924596	0.626	11.08	10.97	11.02	11.82	12.55
20120726,四	11.06	11.17	10.72	10.75	1009606	10941806	0.788	10.98	11.0	10.99	11.72	12.51
20120727,五	10.89	10.89	10.58	10.6	475141	5074190	0.371	10.9	10.96	10.97	11.61	12.47
20120730,一	10.6	10.8	10.18	10.36	570295	5950801	0.445	10.76	10.91	10.93	11.49	12.43
20120731,二	10.38	10.38	9.99	10.03	904344	9097255	0.706	10.55	10.84	10.85	11.35	12.37
20120801,三	9.92	10.21	9.92	10.1	587305	5941180	0.459	10.37	10.72	10.78	11.25	12.31
20120802,四	10.08	10.21	10.01	10.06	600443	6056587	0.469	10.23	10.61	10.72	11.13	12.24
20120803,五	10.17	10.35	10.05	10.32	639612	6538722	0.499	10.17	10.54	10.68	11.0	12.19
20120806,一	10.3	10.5	10.3	10.44	925694	9641090	0.723	10.19	10.48	10.65	10.9	12.14
20120807,二	10.45	11.02	10.29	11.0	1848095	19882161	1.44	10.38	10.47	10.67	10.86	12.1
20120808,三	10.98	11.0	10.7	10.99	1232266	13375698	0.962	10.56	10.46	10.72	10.84	12.06
20120809,四	10.86	11.04	10.78	10.96	1244426	13600367	0.972	10.74	10.49	10.74	10.82	12.02
20120810,五	11.0	11.15	10.86	10.91	1866589	20522330	1.46	10.86	10.52	10.74	10.82	11.98
20120813,一	10.73	11.04	10.68	10.7	1203601	12987051	0.94	10.91	10.55	10.73	10.8	11.94
20120814,二	10.7	10.85	10.05	10.84	1134047	11999367	0.886	10.88	10.63	10.74	10.78	11.91
20120815,三	10.7	10.73	10.34	10.39	1360372	14226792	1.06	10.76	10.66	10.69	10.74	11.86
20120816,四	10.38	10.54	10.15	10.25	492276	5093370	0.384	10.62	10.68	10.64	10.71	11.81
20120817,五	10.15	10.19	9.96	10.13	1245569	12509002	0.973	10.46	10.66	10.6	10.67	11.76
20120820,一	10.13	10.32	9.97	10.3	773308	7854028	0.604	10.38	10.65	10.56	10.65	11.71
20120821,二	10.3	10.39	10.14	10.37	747381	7701013	0.584	10.29	10.58	10.53	10.64	11.66
20120822,三	10.4	10.42	10.23	10.28	718357	7388795	0.561	10.27	10.51	10.49	10.65	11.61
20120823,四	10.22	10.38	10.2	10.27	629479	6461543	0.492	10.27	10.44	10.46	10.64	11.56
20120824,五	10.27	10.33	9.8	9.86	1574666	15675266	1.23	10.22	10.34	10.43	10.61	11.5
20120827,一	9.86	9.86	9.22	9.24	1064933	10098127	0.832	10.0	10.19	10.37	10.55	11.44
20120828,二	9.27	9.49	9.22	9.39	680241	6382126	0.531	9.81	10.05	10.34	10.51	11.37
20120829,三	9.4	9.48	9.08	9.23	769706	7145939	0.601	9.6	9.93	10.3	10.44	11.3
20120830,四	9.1	9.24	8.35	8.53	1829898	15826496	1.43	9.25	9.76	10.22	10.35	11.22
20120831,五	8.5	8.9	8.41	8.64	1937625	16773649	1.51	9.01	9.61	10.14	10.27	11.15
20120903,一	8.64	9.5	8.64	9.5	1574176	14802910	1.23	9.06	9.53	10.09	10.22	11.09
20120904,二	10.0	10.45	9.85	10.21	10556859	108007712	8.24	9.22	9.52	10.05	10.19	11.05
20120905,三	10.1	10.38	9.99	10.12	5890858	59950975	4.6	9.4	9.5	10.01	10.16	10.99
20120906,四	10.17	10.2	9.8	9.92	2876213	28610292	2.25	9.68	9.46	9.95	10.13	10.92
20120907,五	9.99	10.43	9.92	10.29	5663300	57854870	4.42	10.01	9.51	9.92	10.12	10.87
20120910,一	10.2	10.35	10.1	10.32	3431717	35065126	2.68	10.17	9.61	9.9	10.12	10.8
20120911,二	10.21	10.95	10.21	10.72	6413435	68880287	5.01	10.27	9.75	9.9	10.14	10.75
20120912,三	10.6	10.95	10.51	10.74	3269206	34935250	2.55	10.4	9.9	9.92	10.16	10.71
20120913,四	10.7	11.51	10.6	10.95	5814791	64644490	4.54	10.6	10.14	9.95	10.19	10.66
20120914,五	11.2	11.25	10.67	10.77	3073587	33281998	2.4	10.7	10.35	9.98	10.21	10.61
20120917,一	10.82	10.85	10.2	10.24	2194637	23024620	1.71	10.68	10.43	9.98	10.2	10.55
20120918,二	10.1	10.47	10.04	10.3	1075126	11093116	0.84	10.6	10.44	9.98	10.18	10.52
20120919,三	10.45	10.45	10.19	10.3	888938	9155050	0.694	10.51	10.45	9.98	10.16	10.5
20120920,四	10.31	10.31	9.82	9.83	1846488	18476993	1.44	10.29	10.45	9.96	10.12	10.47
20120921,五	9.84	9.99	9.6	9.7	1149757	11215498	0.898	10.07	10.39	9.95	10.08	10.45
20120924,一	9.61	10.0	9.42	9.97	1158888	11368915	0.905	10.02	10.35	9.98	10.05	10.43
20120925,二	9.9	10.1	9.8	9.95	850033	8483488	0.664	9.95	10.27	10.01	10.02	10.4
20120926,三	9.9	10.18	9.44	9.46	1495938	14667460	1.17	9.78	10.15	10.02	9.99	10.37
20120927,四	9.46	9.7	9.26	9.56	1151683	10962874	0.899	9.73	10.01	10.07	9.97	10.34
20120928,五	9.53	9.7	9.46	9.69	708495	6826447	0.553	9.73	9.9	10.13	9.96	10.31
20121008,一	9.6	10.09	9.6	9.99	1401341	13986994	1.09	9.73	9.88	10.15	9.94	10.3
20121009,二	9.9	10.19	9.89	10.18	1310737	13186390	1.02	9.78	9.86	10.15	9.94	10.29
20121010,三	10.1	10.25	10.04	10.22	1507445	15285764	1.18	9.93	9.86	10.15	9.94	10.29
20121011,四	10.22	10.23	9.92	9.95	949318	9571997	0.741	10.01	9.87	10.16	9.93	10.28
20121012,五	9.9	10.04	9.5	9.93	1457438	14191758	1.14	10.05	9.89	10.14	9.93	10.27
20121015,一	9.81	9.95	9.6	9.92	806371	7901499	0.63	10.04	9.88	10.12	9.95	10.25
20121016,二	9.93	10.16	9.8	9.94	1161989	11596967	0.907	9.99	9.88	10.08	9.97	10.24
20121017,三	9.85	10.03	9.69	9.81	961393	9421290	0.751	9.91	9.92	10.03	9.99	10.21
20121018,四	9.81	9.98	9.78	9.87	796947	7900844	0.622	9.89	9.95	9.98	10.03	10.19
20121019,五	9.87	9.94	9.71	9.72	844861	8287070	0.66	9.85	9.95	9.93	10.07	10.17
20121022,一	9.55	9.75	9.46	9.55	963919	9219930	0.753	9.78	9.91	9.89	10.07	10.14
20121023,二	9.55	9.79	9.55	9.58	729601	7033268	0.57	9.71	9.85	9.86	10.05	10.12
20121024,三	9.57	9.72	9.51	9.65	918104	8854485	0.717	9.67	9.79	9.82	10.03	10.1
20121025,四	9.6	9.7	9.53	9.68	641804	6183816	0.501	9.64	9.77	9.82	10.03	10.08
20121026,五	9.77	9.79	9.5	9.5	705480	6777729	0.551	9.59	9.72	9.81	10.0	10.06
20121029,一	9.63	9.63	9.24	9.35	494105	4659375	0.386	9.55	9.66	9.77	9.97	10.04
20121030,二	9.51	9.51	9.35	9.4	479807	4508308	0.375	9.52	9.61	9.75	9.92	10.03
20121031,三	9.42	10.34	9.42	10.08	4282235	43524835	3.34	9.6	9.64	9.78	9.9	10.03
20121101,四	9.87	10.11	9.8	10.09	2736379	27337530	2.14	9.68	9.66	9.8	9.87	10.03
20121102,五	10.04	10.1	9.86	9.96	1593465	15871941	1.24	9.78	9.68	9.82	9.85	10.03
20121105,一	10.1	10.1	9.87	9.96	871247	8680431	0.68	9.9	9.73	9.82	9.84	10.02
20121106,二	9.9	10.54	9.8	10.36	3218921	32996530	2.51	10.09	9.8	9.83	9.84	10.01
20121107,三	10.37	10.39	10.16	10.27	1501797	15439584	1.17	10.13	9.87	9.83	9.84	10.0
20121108,四	10.25	10.25	9.9	9.94	1430808	14355047	1.12	10.1	9.89	9.83	9.84	9.98
20121109,五	9.89	10.49	9.86	10.15	1738871	17864207	1.36	10.14	9.96	9.84	9.86	9.97
20121112,一	10.01	10.15	9.51	9.61	2152829	21213115	1.68	10.07	9.98	9.82	9.84	9.95
20121113,二	9.6	9.6	9.05	9.56	2265165	21026997	1.77	9.91	10.0	9.8	9.83	9.93
20121114,三	9.48	9.58	9.41	9.55	818092	7762500	0.639	9.76	9.95	9.79	9.83	9.91
20121115,四	9.68	9.68	8.6	8.79	5851441	52160008	2.72	9.53	9.81	9.74	9.81	9.89
20121116,五	8.5	8.7	8.29	8.48	1660800	14134950	0.772	9.2	9.67	9.68	9.77	9.86
20121119,一	8.46	8.54	8.2	8.31	1242390	10338416	0.578	8.94	9.5	9.61	9.71	9.83
20121120,二	8.32	8.45	8.25	8.27	1460451	12166820	0.679	8.68	9.29	9.55	9.65	9.79
20121121,三	8.2	8.36	8.08	8.3	1964149	16086670	0.913	8.43	9.1	9.48	9.58	9.76
20121122,四	8.28	9.07	8.22	8.49	3180970	27489647	1.48	8.37	8.95	9.42	9.54	9.73
20121123,五	8.38	8.64	8.38	8.59	1221067	10441890	0.568	8.39	8.8	9.38	9.49	9.71
20121126,一	8.59	8.63	8.41	8.45	1574464	13391844	0.732	8.42	8.68	9.33	9.44	9.7
20121127,二	8.45	8.45	8.1	8.25	1193943	9821759	0.555	8.42	8.55	9.27	9.39	9.68
20121128,三	8.27	8.9	8.05	8.44	1832264	15592528	0.852	8.44	8.44	9.19	9.34	9.66
20121129,四	8.44	8.79	8.33	8.54	2119568	18155774	0.985	8.45	8.41	9.11	9.3	9.66
20121130,五	8.4	8.85	8.39	8.8	2410555	21055279	1.12	8.5	8.44	9.06	9.26	9.67
20121203,一	8.8	8.87	8.53	8.55	1610773	13968661	0.749	8.52	8.47	8.98	9.23	9.65
20121204,二	8.38	8.57	8.19	8.52	1000952	8351979	0.465	8.57	8.49	8.89	9.2	9.62
20121205,三	8.53	8.85	8.42	8.79	1948209	16957738	0.906	8.64	8.54	8.82	9.17	9.6
20121206,四	8.79	9.25	8.69	9.07	2671027	23990796	1.24	8.75	8.6	8.78	9.15	9.59
20121207,五	9.09	9.95	8.96	9.68	5779648	55432021	2.69	8.92	8.71	8.75	9.15	9.58
20121210,一	9.9	10.1	9.6	9.85	4234879	41628706	1.97	9.18	8.85	8.76	9.17	9.57
20121211,二	9.85	10.12	9.65	9.66	4238037	41874798	1.97	9.41	8.99	8.77	9.18	9.55
20121212,三	9.7	9.83	9.4	9.44	2603482	24788774	1.21	9.54	9.09	8.76	9.16	9.53
20121213,四	9.53	9.78	9.4	9.47	3452552	33042568	1.61	9.62	9.18	8.8	9.14	9.5
20121214,五	9.5	9.92	9.5	9.85	6009296	58937800	2.79	9.65	9.29	8.87	9.13	9.49
20121217,一	9.91	10.1	9.76	10.02	4492791	44707549	2.09	9.69	9.44	8.95	9.13	9.49
20121218,二	9.91	10.2	9.78	9.98	4925030	49273506	2.29	9.75	9.58	9.04	9.12	9.48
20121219,三	9.92	9.92	9.56	9.82	3278942	31942341	1.52	9.83	9.68	9.11	9.11	9.47
20121220,四	9.68	9.81	9.42	9.7	3758031	36035077	1.75	9.87	9.75	9.17	9.1	9.47
20121221,五	9.75	10.02	9.7	9.75	2799835	27566391	1.3	9.85	9.75	9.23	9.09	9.47
20121224,一	9.61	9.83	9.58	9.68	1399607	13531045	0.651	9.79	9.74	9.29	9.09	9.47
20121225,二	9.61	9.86	9.41	9.7	4090161	39446811	1.9	9.73	9.74	9.37	9.09	9.46
20121226,三	9.61	9.94	9.54	9.9	5662706	55249365	2.63	9.75	9.79	9.44	9.1	9.47
20121227,四	9.9	10.21	9.76	10.01	6309435	63114108	2.93	9.81	9.84	9.51	9.15	9.48
20121228,五	9.94	10.15	9.91	9.93	4232329	42412103	1.97	9.84	9.85	9.57	9.19	9.48
20121231,一	9.84	9.94	9.5	9.6	6847903	65870473	3.25	9.83	9.81	9.62	9.24	9.47
20130104,五	9.62	9.67	9.42	9.56	2559119	24396280	1.22	9.8	9.77	9.67	9.28	9.46
20130107,一	9.52	9.64	9.46	9.64	3278184	31316082	1.56	9.75	9.75	9.72	9.32	9.45
20130108,二	9.6	9.6	9.43	9.56	3483970	33123880	1.65	9.66	9.73	9.74	9.36	9.45
20130109,三	9.55	10.09	9.48	10.04	8981515	88422665	4.27	9.68	9.76	9.76	9.41	9.45
20130110,四	10.09	10.56	10.01	10.11	9014984	92291779	4.28	9.78	9.8	9.77	9.46	9.45
20130111,五	10.16	10.25	9.86	9.87	4163825	41534936	1.98	9.84	9.82	9.78	9.52	9.45
20130114,一	9.87	10.16	9.53	10.09	4949033	49212888	2.35	9.93	9.84	9.81	9.57	9.46
20130115,二	9.8	10.51	9.71	10.5	13822086	141279350	6.56	10.12	9.89	9.87	9.64	9.47
20130116,三	10.45	10.9	10.27	10.84	15770731	168603550	7.49	10.28	9.98	9.91	9.71	9.49
20130117,四	10.81	10.89	10.5	10.61	7494604	80079908	3.56	10.38	10.08	9.94	9.77	9.5
20130118,五	10.52	10.94	10.52	10.72	5979989	64325163	2.84	10.55	10.2	9.98	9.85	9.52
20130121,一	10.71	10.75	10.46	10.55	5944144	62867272	2.82	10.64	10.29	10.02	9.91	9.54
20130122,二	10.53	10.53	10.17	10.39	4876513	50319364	2.32	10.62	10.37	10.05	9.95	9.55
20130123,三	10.38	10.38	10.12	10.28	3235796	33143059	1.54	10.51	10.4	10.08	9.97	9.56
20130124,四	10.26	10.3	10.02	10.11	4841274	49140714	2.3	10.41	10.4	10.1	9.98	9.57
20130125,五	10.08	10.3	9.9	10.12	2723986	27562603	1.29	10.29	10.42	10.12	9.99	9.59
20130128,一	10.12	10.49	10.11	10.17	4340828	44479447	2.06	10.21	10.43	10.13	10.02	9.59
20130129,二	10.17	10.36	9.9	10.0	6423200	64792177	3.05	10.14	10.38	10.13	10.04	9.59
20130130,三	10.06	10.3	9.99	10.07	6468844	65377943	3.07	10.09	10.3	10.14	10.04	9.59
20130131,四	10.13	11.07	10.07	10.99	19741354	210371050	9.37	10.27	10.34	10.21	10.08	9.61
20130201,五	11.26	11.96	11.05	11.33	19126948	218701610	9.08	10.51	10.4	10.3	10.12	9.62
20130204,一	11.21	11.53	10.76	11.02	10827031	120192743	5.14	10.68	10.45	10.37	10.16	9.63
20130205,二	10.96	11.94	10.76	11.9	14560984	166047800	6.91	11.06	10.6	10.49	10.23	9.67
20130206,三	11.8	12.18	11.59	11.82	8489776	100647318	4.03	11.41	10.75	10.57	10.3	9.69
20130207,四	11.78	11.95	11.55	11.91	5559540	65534334	2.64	11.6	10.93	10.66	10.38	9.73
20130208,五	11.89	12.38	11.83	12.23	5656748	68756958	2.69	11.78	11.14	10.78	10.46	9.78
20130218,一	12.22	13.05	11.93	12.05	10696913	132965554	5.08	11.98	11.33	10.88	10.53	9.82
20130219,二	11.88	12.0	11.01	11.5	9731565	111136607	4.62	11.9	11.48	10.93	10.58	9.86
20130220,三	11.35	11.57	11.2	11.57	4087918	46596104	1.94	11.85	11.63	10.97	10.64	9.92
20130221,四	11.47	11.74	11.32	11.44	4217204	48669730	2.0	11.76	11.68	11.01	10.7	9.97
20130222,五	11.58	11.72	11.37	11.49	4099427	47359832	1.95	11.61	11.69	11.05	10.76	10.02
20130225,一	11.4	11.48	10.9	11.06	6747358	74968117	3.2	11.41	11.7	11.07	10.81	10.07
20130226,二	11.09	11.28	10.96	11.02	3588681	39898340	1.7	11.32	11.61	11.1	10.86	10.11
20130227,三	10.96	11.15	10.96	11.07	1957713	21654163	0.93	11.22	11.53	11.14	10.89	10.15
20130228,四	11.1	11.15	10.76	11.1	4643852	51056084	2.21	11.15	11.45	11.19	10.93	10.2
20130301,五	11.1	11.16	10.96	11.13	3684976	40763472	1.75	11.08	11.34	11.24	10.97	10.24
20130304,一	11.15	11.35	10.06	10.3	7825372	84257887	3.72	10.92	11.17	11.25	10.98	10.27
20130305,二	10.41	10.8	10.41	10.78	6259534	66820817	2.97	10.88	11.1	11.29	10.99	10.31
20130306,三	10.7	10.7	10.45	10.69	4652106	49205827	2.21	10.8	11.01	11.32	10.98	10.34
20130307,四	10.69	10.7	10.31	10.48	3376348	35323901	1.6	10.68	10.91	11.29	10.98	10.38
20130308,五	10.48	10.57	10.32	10.38	2511383	26157343	1.19	10.53	10.8	11.25	10.97	10.41
20130311,一	10.38	10.44	10.13	10.32	2607712	26703251	1.24	10.53	10.73	11.21	10.96	10.43
20130312,二	10.32	10.45	9.71	9.86	2743348	27626528	1.3	10.35	10.61	11.11	10.94	10.45
20130313,三	9.81	9.91	9.36	9.42	3396740	32398739	1.61	10.09	10.45	10.99	10.91	10.44
20130314,四	9.42	9.58	9.42	9.5	1851555	17590760	0.879	9.9	10.29	10.87	10.89	10.44
20130315,五	9.47	9.55	9.15	9.26	3146586	29368627	1.49	9.67	10.1	10.72	10.86	10.43
20130318,一	9.2	9.34	9.13	9.3	2156582	19989130	1.02	9.47	10.0	10.58	10.83	10.43
20130319,二	9.39	9.58	9.34	9.47	2638431	24987624	1.25	9.39	9.87	10.48	10.82	10.43
20130320,三	9.49	9.75	9.42	9.69	2898118	27811791	1.38	9.44	9.77	10.39	10.8	10.42
20130321,四	9.75	9.81	9.55	9.63	2323509	22476576	1.1	9.47	9.68	10.3	10.76	10.42
20130322,五	9.64	9.73	9.55	9.58	1912620	18353181	0.908	9.53	9.6	10.2	10.7	10.41
20130325,一	9.58	9.58	9.34	9.38	2205650	20761493	1.05	9.55	9.51	10.12	10.64	10.4
20130326,二	9.37	9.37	9.13	9.28	2026151	18735517	0.962	9.51	9.45	10.03	10.56	10.4
20130327,三	9.28	9.38	9.21	9.36	1423927	13255520	0.676	9.45	9.45	9.95	10.48	10.39
20130328,四	9.36	9.36	9.11	9.17	2293340	21030299	1.09	9.35	9.41	9.85	10.38	10.38
20130329,五	9.12	9.18	8.49	8.55	5620457	49161598	2.67	9.15	9.34	9.72	10.26	10.36
20130401,一	8.54	8.59	8.32	8.55	2891749	24502049	1.37	8.98	9.27	9.63	10.14	10.34
20130402,二	8.51	9.09	8.51	8.99	5915652	51858263	2.81	8.92	9.22	9.54	10.06	10.32
20130403,三	9.0	9.0	8.64	8.65	3233157	28259451	1.54	8.78	9.11	9.44	9.96	10.3
20130408,一	8.0	8.0	7.79	7.83	9021144	70483112	4.28	8.51	8.93	9.31	9.84	10.27
20130409,二	7.74	8.32	7.7	8.29	7638382	61581819	3.63	8.46	8.81	9.2	9.74	10.25
20130410,三	8.18	8.43	8.12	8.39	3992422	32981851	1.9	8.43	8.71	9.11	9.65	10.23
20130411,四	8.36	8.5	8.27	8.34	1844158	15493204	0.876	8.3	8.61	9.03	9.56	10.21
20130412,五	8.34	8.34	8.02	8.16	1999943	16291810	0.95	8.2	8.49	8.97	9.46	10.18
20130415,一	8.03	8.03	7.34	7.49	6133123	46305581	2.91	8.13	8.32	8.87	9.34	10.13
20130416,二	7.39	7.85	7.29	7.81	3994501	30309472	1.9	8.04	8.25	8.8	9.23	10.1
20130417,三	7.77	8.3	7.69	8.1	4942807	39626904	2.35	7.98	8.21	8.74	9.16	10.07
20130418,四	8.0	8.51	7.93	8.4	4257519	35519324	2.02	7.99	8.15	8.68	9.08	10.03
20130419,五	8.32	8.62	8.32	8.5	3166319	26818712	1.5	8.06	8.13	8.62	9.0	9.99
20130422,一	8.47	8.48	8.19	8.3	3465451	28701619	1.65	8.22	8.18	8.56	8.93	9.95
20130423,二	8.31	8.34	8.14	8.22	2279781	18773539	1.08	8.3	8.17	8.49	8.86	9.91
20130424,三	8.22	8.31	8.16	8.21	1624445	13376859	0.771	8.33	8.15	8.43	8.79	9.87
20130425,四	8.21	8.7	8.14	8.47	3930060	33295116	1.87	8.34	8.17	8.39	8.74	9.84
20130426,五	8.48	9.3	8.34	9.03	6935555	62142942	3.29	8.45	8.25	8.37	8.73	9.82
20130502,四	9.02	9.93	9.0	9.93	7509640	72474025	3.57	8.77	8.5	8.41	8.74	9.82
20130503,五	10.11	10.4	9.94	10.19	12789217	129866563	6.07	9.17	8.73	8.49	8.78	9.82
20130506,一	10.15	10.52	10.02	10.22	11235599	115070182	5.34	9.57	8.95	8.58	8.81	9.82
20130507,二	10.2	10.34	9.92	10.0	9131621	92519251	4.34	9.87	9.11	8.63	8.82	9.82
20130508,三	10.06	10.13	9.77	9.92	6964461	68935695	3.31	10.05	9.25	8.69	8.83	9.82
20130509,四	9.98	10.18	9.83	10.14	7523467	75642938	3.57	10.09	9.43	8.81	8.85	9.8
20130510,五	10.05	10.12	9.61	10.05	6810725	67316606	3.23	10.07	9.62	8.89	8.86	9.78
20130513,一	10.11	10.75	9.98	10.36	12728568	131450684	6.04	10.09	9.83	8.99	8.9	9.77
20130514,二	10.38	10.61	10.17	10.51	7703930	80204382	3.66	10.2	10.04	9.1	8.94	9.75
20130515,三	10.5	10.58	10.15	10.38	5748388	59367060	2.73	10.29	10.17	9.21	8.97	9.72
20130516,四	10.37	10.37	10.04	10.18	5706401	57955445	2.71	10.3	10.2	9.35	9.01	9.69
20130517,五	10.3	10.62	10.28	10.41	8805928	92268680	4.18	10.37	10.22	9.48	9.07	9.66
20130520,一	10.42	10.83	10.41	10.49	9456682	99827784	4.49	10.39	10.24	9.6	9.13	9.64
20130521,二	10.5	10.58	10.13	10.58	10677787	110420350	5.07	10.41	10.3	9.7	9.19	9.62
20130522,三	10.58	10.68	10.17	10.27	9234551	95746460	4.39	10.39	10.34	9.79	9.24	9.6
20130523,四	10.19	10.38	10.0	10.0	5247457	53429139	2.49	10.35	10.32	9.88	9.31	9.58
20130524,五	10.02	10.13	9.88	10.01	4226892	42202794	2.01	10.27	10.32	9.97	9.37	9.55
20130527,一	9.98	10.7	9.9	10.61	10865004	112565090	5.16	10.29	10.34	10.09	9.44	9.54
20130528,二	10.5	10.77	10.33	10.45	7359924	77512105	3.5	10.27	10.34	10.19	9.51	9.54
20130529,三	10.45	10.5	10.25	10.39	5170098	53564176	2.46	10.29	10.34	10.25	9.59	9.52
20130530,四	10.39	10.66	10.18	10.66	11023180	115925427	5.23	10.42	10.39	10.29	9.69	9.52
20130531,五	10.66	11.16	10.59	10.74	15425170	167858090	7.33	10.57	10.42	10.32	9.79	9.51
20130603,一	10.77	10.87	10.3	10.49	5336073	56201807	2.53	10.55	10.42	10.33	9.87	9.51
20130604,二	10.47	10.49	9.99	10.02	6270136	63583101	2.98	10.46	10.36	10.33	9.92	9.5
20130605,三	10.03	10.1	9.86	9.98	3952765	39264155	1.88	10.38	10.33	10.34	9.97	9.49
20130606,四	9.95	10.1	9.92	10.06	2167955	21721262	1.03	10.26	10.34	10.33	10.03	9.48
20130607,五	10.06	10.08	9.47	9.6	4472436	43246551	2.12	10.03	10.3	10.31	10.08	9.47
20130613,四	9.41	9.45	8.85	9.1	3035168	27604475	1.44	9.75	10.15	10.25	10.11	9.45
20130614,五	9.14	9.31	8.97	9.25	5071184	46391773	2.41	9.6	10.03	10.18	10.13	9.44
20130617,一	9.35	9.39	8.92	9.01	4443896	40279673	2.11	9.4	9.89	10.12	10.13	9.43
20130618,二	9.04	9.08	8.9	9.04	1779731	16047602	0.845	9.2	9.73	10.06	10.1	9.42
20130619,三	9.01	9.42	8.85	9.39	4950019	45828650	2.35	9.16	9.59	10.01	10.08	9.43
20130620,四	9.38	9.63	8.98	9.08	4011744	37538478	1.91	9.15	9.45	9.94	10.04	9.42
20130621,五	9.0	9.38	8.85	9.24	2936749	27134837	1.39	9.15	9.37	9.87	10.01	9.42
20130624,一	9.24	9.24	8.32	8.79	3595114	31688192	1.71	9.11	9.26	9.8	9.98	9.4
20130625,二	8.71	8.82	8.05	8.62	4254164	35919082	2.02	9.02	9.11	9.73	9.93	9.39
20130626,三	8.67	8.78	8.46	8.72	1792668	15542334	0.851	8.89	9.02	9.66	9.88	9.37
20130627,四	8.75	8.92	8.4	8.41	2123564	18398910	1.01	8.76	8.96	9.55	9.82	9.36
20130628,五	8.2	8.63	8.2	8.4	1782076	15045309	0.846	8.59	8.87	9.45	9.75	9.34
20130701,一	8.22	8.72	8.22	8.67	1953824	16845574	0.928	8.56	8.84	9.36	9.69	9.33
20130702,二	8.7	9.54	8.62	9.54	5200538	48704117	2.47	8.75	8.89	9.31	9.67	9.34
20130703,三	9.76	10.21	9.66	10.08	10667308	106168222	5.07	9.02	8.95	9.27	9.66	9.36
20130704,四	10.13	10.26	9.83	9.89	6954047	69724294	3.3	9.32	9.04	9.24	9.64	9.38
20130705,五	9.81	10.0	9.6	9.71	5589027	54700965	2.65	9.58	9.08	9.23	9.61	9.4
20130708,一	9.5	10.18	9.26	9.93	7398298	72790659	3.51	9.83	9.2	9.23	9.6	9.42
20130709,二	9.93	10.09	9.7	9.84	3565477	35279269	1.69	9.89	9.32	9.22	9.59	9.45
20130710,三	9.78	10.38	9.75	10.3	6105001	61853031	2.9	9.93	9.48	9.25	9.6	9.48
20130711,四	10.1	10.8	10.08	10.51	8265363	87269362	3.93	10.06	9.69	9.32	9.6	9.52
20130712,五	10.65	10.75	10.32	10.65	4908953	51667415	2.33	10.25	9.91	9.39	9.6	9.56
20130715,一	10.6	11.05	10.58	10.64	5612067	60597374	2.67	10.39	10.11	9.47	9.61	9.6
20130716,二	10.5	10.99	10.3	10.95	7312364	78609270	3.47	10.61	10.25	9.57	9.62	9.66
20130717,三	10.95	11.06	10.55	10.55	4144424	44917092	1.97	10.66	10.3	9.63	9.62	9.7
20130718,四	10.5	10.79	10.37	10.69	2803305	29775966	1.33	10.7	10.38	9.71	9.62	9.75
20130719,五	10.59	11.0	10.58	10.58	4469147	48310244	2.12	10.68	10.46	9.77	9.64	9.78
20130722,一	10.18	10.5	9.53	10.1	7389180	74337883	3.51	10.57	10.48	9.84	9.64	9.81
20130723,二	10.17	10.3	9.89	10.22	6024519	61264926	2.86	10.43	10.52	9.92	9.65	9.84
20130724,三	10.22	10.23	9.86	9.94	4811275	48143204	2.28	10.31	10.48	9.98	9.66	9.87
20130725,四	9.9	10.0	9.44	9.44	4709515	45509471	2.24	10.06	10.38	10.03	9.67	9.89
20130726,五	9.44	9.76	9.3	9.69	2562101	24488878	1.22	9.88	10.28	10.1	9.69	9.91
20130729,一	9.72	10.1	9.56	9.85	3103631	30816520	1.47	9.83	10.2	10.15	9.72	9.92
20130730,二	9.89	10.12	9.73	10.09	4021742	40289963	1.91	9.8	10.12	10.18	9.75	9.93
20130731,三	10.09	10.28	9.94	10.14	3186237	32156538	1.51	9.84	10.07	10.19	9.78	9.93
20130801,四	10.13	11.04	10.03	11.02	8063767	85916177	3.83	10.16	10.11	10.24	9.84	9.94
20130802,五	10.9	11.44	10.9	11.3	9297417	104837939	4.42	10.48	10.18	10.32	9.91	9.96
20130805,一	11.28	12.36	11.17	12.2	13241201	156921430	6.29	10.95	10.39	10.43	10.02	10.0
20130806,二	12.2	12.4	11.88	12.01	11672585	140373360	5.54	11.33	10.57	10.54	10.14	10.03
20130807,三	11.92	12.1	11.6	12.01	10435116	123300118	4.96	11.71	10.78	10.63	10.25	10.06
20130808,四	11.96	11.98	11.66	11.95	6218595	73386946	2.95	11.89	11.03	10.7	10.36	10.09
20130809,五	11.8	12.12	11.71	11.85	5217883	62376024	2.48	12.0	11.24	10.76	10.48	10.11
20130812,一	11.68	11.7	11.0	11.21	11703348	131836300	5.56	11.81	11.38	10.79	10.56	10.13
20130813,二	11.12	12.33	10.85	12.33	14135589	163290360	6.71	11.87	11.6	10.86	10.66	10.16
20130814,三	12.4	12.99	12.3	12.54	16795241	212328380	7.98	11.98	11.84	10.96	10.74	10.2
20130815,四	12.5	12.5	12.1	12.23	6613605	81200946	3.14	12.03	11.96	11.04	10.82	10.23
20130816,五	11.92	12.51	11.65	11.83	8584381	103519087	4.08	12.03	12.02	11.1	10.89	10.25
20130819,一	11.61	12.06	11.61	11.87	6079403	71863088	2.89	12.16	11.98	11.19	10.95	10.27
20130820,二	11.86	11.86	11.45	11.54	5734140	67128823	2.72	12.0	11.94	11.25	11.01	10.3
20130821,三	11.63	11.87	11.37	11.78	4276822	49638792	2.03	11.85	11.91	11.34	11.06	10.33
20130822,四	11.7	11.78	11.6	11.61	2467795	28781554	1.17	11.73	11.88	11.45	11.09	10.35
20130823,五	11.61	12.29	11.56	12.21	9682967	114919288	4.6	11.8	11.92	11.58	11.15	10.37
20130826,一	12.21	12.22	11.85	12.09	12158275	145787040	5.77	11.85	12.0	11.69	11.19	10.4
20130827,二	12.0	12.09	11.81	11.95	5552704	66315839	2.64	11.93	11.96	11.78	11.23	10.42
20130828,三	11.81	11.83	11.38	11.4	6801746	78645326	3.23	11.85	11.85	11.85	11.26	10.44
20130829,四	11.4	11.6	11.17	11.32	3403721	38657563	1.62	11.79	11.76	11.86	11.28	10.45
20130830,五	11.35	11.38	10.91	10.99	3716709	41243452	1.77	11.55	11.68	11.85	11.29	10.47
20130902,一	10.85	11.6	10.8	11.35	5451924	61402038	2.59	11.4	11.62	11.8	11.33	10.49
20130903,二	11.41	11.95	11.33	11.93	7824092	91578302	3.72	11.4	11.66	11.8	11.39	10.52
20130904,三	11.79	11.9	11.5	11.62	4003179	46666935	1.9	11.44	11.65	11.78	11.45	10.55
20130905,四	11.56	11.65	11.18	11.25	4858401	55279670	2.31	11.43	11.61	11.75	11.51	10.59
20130906,五	11.21	11.4	10.9	10.97	6329359	69823350	3.01	11.42	11.49	11.7	11.55	10.62
20130909,一	10.86	11.14	10.76	11.09	7895222	86206208	3.75	11.37	11.39	11.7	11.59	10.65
20130910,二	11.09	11.13	10.85	10.9	5670525	61898125	2.69	11.17	11.28	11.62	11.62	10.68
20130911,三	10.93	11.1	10.52	10.73	10510719	113886315	4.99	10.99	11.21	11.53	11.64	10.71
20130912,四	10.66	11.06	10.57	10.9	7880211	85781641	3.74	10.92	11.17	11.47	11.63	10.74
20130913,五	10.89	11.0	10.78	10.89	3449676	37456311	1.64	10.9	11.16	11.42	11.62	10.76
20130916,一	10.89	10.98	10.6	10.68	4660859	50418006	2.21	10.82	11.1	11.36	11.57	10.8
20130917,二	10.68	10.74	10.2	10.24	6051810	62606540	2.87	10.69	10.93	11.29	11.51	10.82
20130918,三	10.25	10.3	10.01	10.22	3039199	30811672	1.44	10.59	10.79	11.22	11.45	10.85
20130923,一	10.2	10.4	10.17	10.39	3726856	38280141	1.77	10.48	10.7	11.16	11.4	10.88
20130924,二	10.43	10.45	10.04	10.08	5755330	58436502	2.73	10.32	10.61	11.05	11.34	10.91
20130925,三	10.0	10.4	10.0	10.19	4335514	44461741	2.06	10.22	10.52	10.95	11.3	10.93
20130926,四	10.2	10.31	9.7	9.77	6066802	60271944	2.88	10.13	10.41	10.85	11.22	10.94
20130927,五	9.8	9.85	9.42	9.49	5517822	52718438	2.62	9.98	10.29	10.75	11.12	10.93
20130930,一	9.55	9.58	9.17	9.42	5796659	54096327	2.75	9.79	10.14	10.65	11.02	10.92
20131008,二	9.42	10.36	9.3	10.36	9295645	92668302	4.41	9.85	10.08	10.62	10.97	10.93
20131009,三	10.65	10.66	10.26	10.48	10761972	112212772	5.11	9.9	10.06	10.58	10.93	10.94
20131010,四	10.4	10.58	10.26	10.37	7764363	80873474	3.69	10.02	10.08	10.5	10.89	10.95
20131011,五	10.37	10.63	10.35	10.49	6154162	64339647	2.92	10.22	10.1	10.45	10.85	10.95
20131014,一	10.51	10.85	10.47	10.68	9880407	105870982	4.69	10.48	10.13	10.42	10.81	10.95
20131015,二	10.4	10.44	9.73	10.16	11676825	118194516	5.55	10.44	10.14	10.38	10.75	10.95
20131016,三	10.01	10.06	9.56	9.62	6727083	65492541	3.19	10.26	10.08	10.3	10.66	10.93
20131017,四	9.63	9.8	9.48	9.58	3817476	36713299	1.81	10.11	10.06	10.24	10.59	10.91
20131018,五	9.58	9.61	9.43	9.44	3518492	33382785	1.67	9.9	10.06	10.17	10.52	10.89
20131021,一	9.43	9.53	8.91	9.46	10905631	100846826	5.18	9.65	10.06	10.1	10.46	10.87
20131022,二	9.45	9.8	9.25	9.59	8959466	85294281	4.25	9.54	9.99	10.04	10.41	10.85
20131023,三	9.55	9.55	9.25	9.36	5332488	49898369	2.53	9.49	9.88	9.97	10.34	10.84
20131024,四	9.25	9.28	8.91	9.0	4302512	38971519	2.04	9.37	9.74	9.91	10.25	10.82
20131025,五	9.0	9.1	8.35	8.65	6651953	57612999	3.16	9.21	9.55	9.83	10.15	10.8
20131028,一	8.65	8.72	8.36	8.53	3340539	28534610	1.59	9.03	9.34	9.74	10.06	10.78
20131029,二	8.52	8.65	8.03	8.19	5198257	43175589	2.47	8.75	9.14	9.64	9.96	10.76
20131030,三	8.12	8.52	8.12	8.46	3394265	28477190	1.61	8.57	9.03	9.55	9.88	10.73
20131031,四	8.41	8.43	8.15	8.23	3018277	24984537	1.43	8.41	8.89	9.48	9.79	10.7
20131101,五	8.21	8.44	8.19	8.38	2010026	16705484	0.955	8.36	8.79	9.42	9.71	10.67
20131104,一	8.38	8.58	8.34	8.38	3102318	26306619	1.47	8.33	8.68	9.37	9.63	10.63
20131105,二	8.48	9.19	8.38	9.14	9064636	80128277	4.3	8.52	8.63	9.31	9.57	10.59
20131106,三	9.01	9.01	8.69	8.77	5817558	51575039	2.76	8.58	8.57	9.22	9.5	10.54
20131107,四	8.79	9.15	8.76	8.86	5615665	50474192	2.67	8.71	8.56	9.15	9.46	10.48
20131108,五	8.86	8.89	8.58	8.65	2877618	24976247	1.37	8.76	8.56	9.06	9.41	10.43
20131111,一	8.65	8.65	8.36	8.48	2618928	22295405	1.24	8.78	8.55	8.95	9.34	10.37
20131112,二	8.51	8.58	8.35	8.4	3053360	25703170	1.45	8.63	8.58	8.86	9.29	10.31
20131113,三	8.4	8.75	8.35	8.43	3132203	26769807	1.49	8.56	8.57	8.8	9.23	10.27
20131114,四	8.43	8.67	8.42	8.54	2654701	22726353	1.26	8.5	8.6	8.75	9.19	10.2
20131115,五	8.54	8.8	8.5	8.71	3745455	32471327	1.78	8.51	8.64	8.71	9.16	10.14
20131118,一	8.71	8.97	8.71	8.89	4092746	36317549	1.94	8.59	8.69	8.68	9.14	10.08
20131119,二	8.92	8.93	8.78	8.88	3714432	32833252	1.76	8.69	8.66	8.65	9.09	10.03
20131120,三	8.9	9.08	8.71	9.06	4797960	42835981	2.28	8.82	8.69	8.63	9.05	9.99
20131121,四	9.03	9.95	8.92	9.51	12097622	114303843	5.75	9.01	8.76	8.66	9.02	9.95
20131122,五	9.93	10.39	9.6	10.23	25744241	255707240	12.23	9.31	8.91	8.74	9.01	9.93
20131125,一	9.9	10.0	9.6	9.65	15555443	152343900	7.39	9.47	9.03	8.79	8.97	9.89
20131126,二	9.55	9.66	9.36	9.66	7232338	68687465	3.43	9.62	9.16	8.87	8.96	9.85
20131127,三	9.95	10.08	9.67	9.69	7993234	78541840	3.8	9.75	9.28	8.93	8.96	9.81
20131128,四	9.71	9.96	9.65	9.75	7768466	76090123	3.69	9.8	9.4	9.0	8.97	9.78
20131129,五	9.85	9.85	9.6	9.75	4934336	47881840	2.34	9.7	9.51	9.07	8.98	9.75
20131202,一	9.47	9.59	8.81	8.92	6867277	62881333	3.26	9.55	9.51	9.1	8.96	9.71
20131203,二	8.74	9.39	8.74	9.22	3986826	36186451	1.89	9.47	9.54	9.1	8.95	9.68
20131204,三	9.28	9.65	9.13	9.44	7131332	67119269	3.39	9.42	9.58	9.14	8.95	9.65
20131205,四	9.43	9.64	9.36	9.38	6097097	57786441	2.9	9.34	9.57	9.16	8.96	9.6
20131206,五	9.36	9.42	9.21	9.26	3883589	36106698	1.84	9.24	9.47	9.19	8.98	9.56
20131209,一	9.32	9.48	9.23	9.35	4379827	41046710	2.08	9.33	9.44	9.24	9.01	9.53
20131210,二	9.35	9.56	9.33	9.5	3587545	33931427	1.7	9.39	9.43	9.29	9.05	9.51
20131211,三	9.44	9.44	8.98	9.06	7361521	66940153	3.5	9.31	9.36	9.32	9.07	9.47
20131212,四	9.01	9.1	8.77	8.9	4739357	42232099	2.25	9.21	9.28	9.34	9.09	9.44
20131213,五	8.84	9.0	8.77	8.9	2444824	21791732	1.16	9.14	9.19	9.35	9.11	9.41
20131216,一	8.9	9.31	8.86	9.11	6341317	57943274	3.01	9.09	9.21	9.36	9.14	9.38
20131217,二	9.11	9.12	8.85	9.01	2537520	22690647	1.21	9.0	9.19	9.37	9.13	9.35
20131218,三	8.98	9.34	8.89	8.91	4195524	37966848	1.99	8.97	9.14	9.36	9.14	9.32
20131219,四	8.93	9.05	8.39	8.95	4922069	43570967	2.34	8.98	9.09	9.33	9.14	9.3
20131220,五	8.89	9.2	8.58	8.61	5287389	46477796	2.51	8.92	9.03	9.25	9.14	9.27
20131223,一	8.6	8.78	8.18	8.35	4585954	38312804	2.18	8.77	8.93	9.19	9.13	9.24
20131224,二	8.32	8.7	8.28	8.47	3786522	32025038	1.8	8.66	8.83	9.13	9.14	9.21
20131225,三	8.4	8.48	8.31	8.41	2248862	18843525	1.07	8.56	8.76	9.06	9.14	9.18
20131226,四	8.4	8.4	8.08	8.09	3028493	24866585	1.44	8.39	8.68	8.98	9.12	9.15
20131227,五	8.05	8.22	8.05	8.17	3653546	29654968	1.74	8.3	8.61	8.9	9.1	9.13
20131230,一	8.2	8.99	8.2	8.99	10012848	87968950	4.75	8.43	8.6	8.9	9.11	9.12
20131231,二	9.18	9.18	8.86	8.96	9674814	87290243	4.59	8.52	8.59	8.89	9.11	9.1
20140102,四	8.96	9.42	8.84	9.34	10480688	96885552	4.98	8.71	8.63	8.89	9.12	9.08
20140103,五	9.37	9.78	9.23	9.61	12665982	119832099	6.01	9.01	8.7	8.9	9.12	9.07
20140106,一	9.43	9.48	9.12	9.22	5755958	53351805	2.73	9.22	8.76	8.9	9.09	9.05
20140107,二	8.69	8.89	8.3	8.67	7044799	60605743	3.35	9.16	8.79	8.86	9.05	9.01
20140108,三	8.57	8.77	8.5	8.59	3152478	27200955	1.5	9.09	8.8	8.82	9.02	8.99
20140109,四	8.51	8.72	8.4	8.43	2954723	25413867	1.4	8.9	8.81	8.78	8.98	8.97
20140110,五	8.42	8.42	8.08	8.18	4978133	40663230	2.36	8.62	8.82	8.75	8.92	8.95
20140113,一	8.2	8.28	7.62	7.72	6939200	54960274	3.3	8.32	8.77	8.69	8.86	8.92
20140114,二	7.65	7.96	7.4	7.95	7230920	55483603	3.43	8.17	8.67	8.63	8.83	8.89
20140115,三	7.79	8.1	7.7	7.91	4533786	35627013	2.15	8.04	8.56	8.58	8.78	8.86
20140116,四	7.9	7.97	7.75	7.77	3336572	26132944	1.58	7.91	8.4	8.52	8.73	8.84
20140117,五	7.7	7.82	7.64	7.67	2102177	16212596	0.998	7.8	8.21	8.46	8.67	8.81
20140120,一	7.66	7.9	7.52	7.88	5002515	38832071	2.38	7.84	8.08	8.42	8.62	8.8
20140121,二	7.99	8.2	7.59	7.6	7193083	55989525	3.42	7.77	7.97	8.38	8.56	8.79
20140122,三	7.5	7.55	7.21	7.44	11047993	80949766	5.25	7.67	7.86	8.33	8.5	8.77
20140123,四	7.35	7.41	7.25	7.33	8011331	58540825	3.8	7.58	7.74	8.28	8.44	8.76
20140124,五	7.32	7.42	7.25	7.38	6398390	47029729	3.04	7.53	7.66	8.24	8.39	8.74
20140127,一	7.37	7.42	7.24	7.25	5825546	42665083	2.77	7.4	7.62	8.19	8.33	8.72
20140128,二	7.25	7.29	6.72	6.89	7574523	52773166	3.6	7.26	7.51	8.09	8.26	8.7
20140129,三	6.86	6.94	6.82	6.92	3849100	26489487	1.83	7.15	7.41	7.99	8.19	8.66
20140130,四	6.9	7.08	6.75	7.03	3670540	25548680	1.74	7.09	7.34	7.87	8.13	8.63
20140207,五	6.99	7.19	6.86	7.15	4239597	29920433	2.01	7.05	7.29	7.75	8.07	8.6
20140210,一	7.2	7.29	7.16	7.28	5954244	43106266	2.83	7.05	7.23	7.65	8.02	8.58
20140211,二	7.26	7.33	7.23	7.31	5244452	38187349	2.49	7.14	7.2	7.58	7.99	8.56
20140212,三	7.36	7.53	7.22	7.51	7717461	56912044	3.66	7.26	7.21	7.53	7.96	8.55
20140213,四	7.46	7.58	7.3	7.35	8150686	60391798	3.87	7.32	7.21	7.48	7.92	8.53
20140214,五	7.29	7.87	7.29	7.45	6577946	49046278	3.12	7.38	7.21	7.44	7.9	8.51
20140217,一	7.44	7.5	7.34	7.5	6837899	50786320	3.25	7.42	7.24	7.43	7.88	8.49
20140218,二	7.48	7.49	7.33	7.35	6570191	48423189	3.12	7.43	7.29	7.4	7.82	8.46
20140219,三	7.35	7.54	7.29	7.44	11883952	87898472	5.64	7.42	7.34	7.37	7.77	8.44
20140220,四	7.4	7.56	7.3	7.44	14026653	104389649	6.66	7.44	7.38	7.36	7.71	8.41
20140221,五	7.37	7.41	7.11	7.17	8577700	62271188	4.07	7.38	7.38	7.33	7.63	8.37
20140224,一	7.1	7.36	7.0	7.36	6470911	46449889	3.07	7.35	7.39	7.31	7.56	8.33
20140225,二	7.3	7.39	7.03	7.08	7075420	51309140	3.36	7.3	7.36	7.28	7.51	8.28
20140226,三	7.02	7.17	6.91	7.05	3778633	26525719	1.79	7.22	7.32	7.26	7.46	8.24
20140227,四	7.05	7.13	6.7	6.71	5426360	37612214	2.58	7.07	7.25	7.23	7.4	8.19
20140228,五	6.68	6.69	6.48	6.64	5288502	34802237	2.51	6.97	7.17	7.19	7.35	8.14
20140303,一	6.62	6.77	6.6	6.74	3679529	24669981	1.75	6.84	7.1	7.17	7.32	8.09
20140304,二	6.74	6.74	6.62	6.7	3079897	20540253	1.46	6.77	7.03	7.16	7.28	8.05
20140305,三	6.68	6.75	6.64	6.69	2930162	19640961	1.39	6.7	6.96	7.15	7.24	8.01
20140306,四	6.66	6.78	6.66	6.77	3134177	21110486	1.49	6.71	6.89	7.13	7.2	7.96
20140307,五	6.75	6.94	6.75	6.87	3893211	26715186	1.85	6.75	6.86	7.12	7.18	7.92
20140310,一	6.88	7.07	6.88	6.9	6502274	45307876	3.09	6.79	6.81	7.1	7.14	7.88
20140311,二	6.83	6.9	6.62	6.68	4408114	29509166	2.09	6.78	6.78	7.07	7.11	7.84
20140312,三	6.68	6.74	6.5	6.58	3693879	24372815	1.75	6.76	6.73	7.02	7.08	7.79
20140313,四	6.55	6.7	6.55	6.69	3312621	21995730	1.57	6.74	6.73	6.99	7.06	7.75
20140314,五	6.67	6.78	6.64	6.72	3130513	21034729	1.49	6.71	6.73	6.95	7.04	7.71
20140317,一	6.69	6.95	6.66	6.9	4663001	32010742	2.21	6.71	6.75	6.92	7.03	7.68
20140318,二	7.0	7.59	7.0	7.59	20653324	153266880	9.81	6.9	6.84	6.94	7.05	7.66
20140319,三	7.73	7.78	7.34	7.47	18160765	135602290	8.62	7.07	6.92	6.94	7.07	7.63
20140320,四	7.38	7.48	7.19	7.2	10455418	76191151	4.97	7.18	6.96	6.93	7.08	7.6
20140321,五	7.17	7.33	6.92	7.29	9127364	65176736	4.33	7.29	7.0	6.93	7.08	7.57
20140324,一	7.21	7.39	7.15	7.28	6837813	49723048	3.25	7.37	7.04	6.93	7.08	7.55
20140325,二	7.29	7.32	7.2	7.22	4439446	32144819	2.11	7.29	7.09	6.93	7.08	7.53
20140326,三	7.23	7.29	7.2	7.27	4370522	31662394	2.08	7.25	7.16	6.95	7.07	7.51
20140327,四	7.31	7.34	7.01	7.03	5072813	36051359	2.41	7.22	7.2	6.96	7.06	7.49
20140328,五	7.01	7.16	6.96	7.02	4588077	32306350	2.18	7.16	7.23	6.98	7.05	7.47
20140331,一	6.8	7.06	6.78	6.99	4404999	30516781	2.09	7.11	7.24	6.99	7.03	7.45
20140401,二	7.12	7.31	7.11	7.15	6201318	44587898	2.94	7.09	7.19	7.02	7.02	7.42
20140402,三	7.12	7.32	7.12	7.3	7364372	53529833	3.5	7.1	7.17	7.05	7.02	7.39
20140403,四	7.33	7.43	7.24	7.3	6566744	48089576	3.12	7.15	7.19	7.07	7.01	7.36
20140404,五	7.32	7.44	7.25	7.4	6683856	49370877	3.17	7.23	7.2	7.1	7.02	7.32
20140408,二	7.37	7.46	7.36	7.38	4282670	31669921	2.03	7.31	7.21	7.12	7.02	7.29
20140409,三	7.35	7.44	7.3	7.34	4352417	32006011	2.07	7.34	7.22	7.16	7.03	7.27
20140410,四	7.36	7.45	7.24	7.42	6255297	46041453	2.97	7.37	7.23	7.2	7.04	7.25
20140411,五	7.41	7.65	7.36	7.51	9900749	74784545	4.7	7.41	7.28	7.24	7.07	7.24
20140414,一	7.43	8.08	7.43	7.84	14651230	115123373	6.96	7.5	7.36	7.3	7.11	7.23
20140415,二	7.85	8.06	7.7	7.93	11972064	95267995	5.69	7.61	7.46	7.35	7.15	7.23
20140416,三	7.93	8.35	7.88	8.35	11584269	95066453	5.5	7.81	7.58	7.38	7.2	7.24
20140417,四	8.35	8.36	8.1	8.22	9219894	75819817	4.38	7.97	7.67	7.42	7.25	7.24
20140418,五	8.15	8.15	7.87	7.91	7081888	56340849	3.36	8.05	7.73	7.46	7.29	7.25
20140422,二	7.51	8.0	7.51	7.84	17220388	133430568	8.18	8.05	7.77	7.49	7.32	7.25
20140423,三	7.83	7.88	7.72	7.76	3663740	28538251	1.74	8.02	7.81	7.51	7.35	7.25
20140424,四	7.76	7.93	7.7	7.85	3364526	26249691	1.6	7.92	7.86	7.54	7.39	7.25
20140425,五	7.84	8.05	7.68	7.78	4787037	37560630	2.27	7.83	7.9	7.57	7.43	7.26
20140428,一	7.79	7.87	7.61	7.61	3136864	24154603	1.49	7.77	7.91	7.6	7.46	7.26
20140429,二	7.59	7.65	7.32	7.53	3617643	27077354	1.72	7.71	7.88	7.62	7.49	7.27
20140430,三	7.52	7.91	7.5	7.87	2941478	22763370	1.4	7.73	7.87	7.66	7.52	7.28
20140505,一	7.84	8.26	7.78	8.21	4217235	34273766	2.0	7.8	7.86	7.72	7.54	7.3
20140506,二	8.17	8.54	8.14	8.35	5303211	44570355	2.52	7.91	7.87	7.77	7.57	7.32
20140507,三	8.34	8.44	8.2	8.27	3151079	26148363	1.5	8.05	7.91	7.82	7.61	7.34
20140508,四	8.32	8.41	8.2	8.22	1896589	15747269	0.901	8.18	7.95	7.86	7.64	7.36
20140509,五	8.14	8.24	7.96	8.24	3049921	24602337	1.45	8.26	7.99	7.9	7.67	7.38
20140512,一	8.2	8.45	8.12	8.45	3925533	32656365	1.86	8.31	8.05	7.96	7.71	7.39
20140513,二	8.45	8.68	8.37	8.61	4774359	40826976	2.27	8.36	8.14	8.02	7.76	7.41
20140514,三	8.71	8.95	8.53	8.89	5633394	49413230	2.68	8.48	8.26	8.09	7.82	7.44
20140515,四	8.8	8.97	8.54	8.7	3637898	31902560	1.73	8.58	8.38	8.13	7.87	7.46
20140516,五	8.68	8.8	8.59	8.74	2891404	25196161	1.37	8.68	8.47	8.17	7.93	7.48
20140519,一	8.9	8.9	8.31	8.53	3384789	29283952	1.61	8.69	8.5	8.18	7.98	7.5
20140520,二	8.6	8.67	8.27	8.28	2945900	24852732	1.4	8.63	8.49	8.18	8.01	7.51
20140521,三	8.26	8.49	8.21	8.33	2330633	19476578	1.11	8.52	8.5	8.2	8.05	7.53
20140522,四	8.33	8.44	8.23	8.28	1699046	14156662	0.807	8.43	8.51	8.22	8.07	7.55
20140523,五	8.33	8.37	8.13	8.37	1876704	15454907	0.891	8.36	8.52	8.26	8.11	7.56
20140526,一	8.32	8.42	8.28	8.37	1966463	16440853	0.934	8.33	8.51	8.28	8.14	7.59
20140527,二	8.39	8.4	8.3	8.36	1174365	9811463	0.558	8.34	8.48	8.31	8.17	7.61
20140528,三	8.35	8.38	8.21	8.25	2794264	23153443	1.33	8.33	8.42	8.34	8.2	7.63
20140529,四	8.25	8.25	7.84	7.84	5450430	43565693	2.59	8.24	8.34	8.36	8.2	7.65
20140530,五	7.72	7.81	7.6	7.64	4047873	31190522	1.92	8.09	8.22	8.35	8.19	7.67
20140603,二	7.75	7.78	7.5	7.62	2147670	16335596	1.02	7.94	8.13	8.32	8.16	7.68
20140604,三	7.6	7.64	7.24	7.39	3276490	24265628	1.56	7.75	8.05	8.27	8.14	7.69
20140605,四	7.35	7.49	7.33	7.46	1056556	7866938	0.502	7.59	7.96	8.23	8.12	7.71
20140606,五	7.49	7.69	7.47	7.62	2174058	16553029	1.03	7.55	7.89	8.2	8.11	7.72
20140609,一	7.6	7.71	7.56	7.65	1726332	13186354	0.82	7.55	7.82	8.17	8.11	7.73
20140610,二	7.67	7.79	7.56	7.74	1753368	13490178	0.833	7.57	7.76	8.13	8.11	7.75
20140611,三	7.72	7.97	7.69	7.94	2354384	18519072	1.12	7.68	7.71	8.1	8.11	7.77
20140612,四	7.93	8.04	7.78	7.78	2462162	19545665	1.17	7.75	7.67	8.04	8.12	7.79
20140613,五	7.78	7.94	7.74	7.84	2024923	15913874	0.962	7.79	7.67	8.0	8.13	7.81
20140616,一	7.78	7.94	7.78	7.87	658251	5192602	0.313	7.83	7.69	7.96	8.13	7.82
20140617,二	7.86	7.99	7.83	7.9	1309207	10382773	0.622	7.87	7.72	7.93	8.12	7.83
20140618,三	7.9	7.99	7.77	7.83	1503401	11826569	0.714	7.84	7.76	7.9	8.1	7.84
20140619,四	7.89	7.98	7.64	7.7	1245561	9763560	0.592	7.83	7.79	7.87	8.08	7.84
20140620,五	7.78	7.84	7.52	7.82	686277	5333050	0.326	7.82	7.81	7.85	8.07	7.85
20140623,一	7.95	8.08	7.81	7.9	1774144	14103124	0.843	7.83	7.83	7.83	8.06	7.86
20140624,二	7.89	7.95	7.76	7.83	1370281	10749068	0.651	7.82	7.84	7.8	8.04	7.87
20140625,三	7.8	7.86	7.7	7.74	871818	6772074	0.414	7.8	7.82	7.77	8.01	7.88
20140626,四	7.8	7.88	7.77	7.85	910144	7120059	0.432	7.83	7.83	7.75	7.97	7.9
20140627,五	7.82	8.04	7.82	7.9	835799	6630501	0.397	7.84	7.83	7.75	7.95	7.91
20140630,一	7.92	8.05	7.65	7.71	4235896	32991549	2.05	7.81	7.82	7.75	7.91	7.92
20140701,二	7.79	8.02	7.65	8.0	4123085	32160072	2.0	7.84	7.83	7.77	7.89	7.94
20140702,三	8.02	8.31	7.92	8.18	4158436	33713228	2.01	7.93	7.86	7.81	7.89	7.95
20140703,四	8.17	8.25	8.0	8.21	2364162	19197717	1.14	8.0	7.91	7.85	7.89	7.97
20140704,五	8.24	8.41	8.11	8.38	4022016	33396458	1.95	8.1	7.97	7.89	7.89	7.98
20140707,一	8.37	8.79	8.28	8.73	6124007	52959300	2.96	8.3	8.05	7.94	7.9	8.0
20140708,二	8.69	8.84	8.61	8.8	3108757	27271755	1.5	8.46	8.15	8.0	7.92	8.03
20140709,三	8.71	8.92	8.58	8.7	3251222	28582573	1.57	8.56	8.25	8.03	7.93	8.05
20140710,四	8.7	8.94	8.38	8.92	3613832	31178260	1.75	8.71	8.35	8.09	7.95	8.07
20140711,五	8.81	9.11	8.5	8.83	3205430	28522827	1.55	8.8	8.45	8.14	7.98	8.09
20140714,一	8.71	9.03	8.71	8.85	2862995	25517372	1.39	8.82	8.56	8.19	8.02	8.11
20140715,二	8.8	9.29	8.72	9.28	7064462	64776923	3.42	8.92	8.69	8.26	8.08	8.12
20140716,三	9.25	9.74	9.1	9.7	5257931	50173196	2.54	9.12	8.84	8.35	8.16	8.15
20140717,四	9.6	9.77	9.28	9.42	2785525	26431521	1.35	9.22	8.96	8.44	8.22	8.17
20140718,五	9.42	9.42	9.17	9.19	1839125	17027730	0.89	9.29	9.04	8.51	8.27	8.19
20140721,一	9.12	9.24	8.9	8.97	2519571	22844681	1.22	9.31	9.07	8.56	8.32	8.21
20140722,二	8.99	9.42	8.93	9.08	5418109	49968140	2.62	9.27	9.09	8.62	8.36	8.23
20140723,三	9.13	9.2	8.68	8.74	4729597	42043830	2.29	9.08	9.1	8.67	8.39	8.25
20140724,四	8.73	8.82	8.44	8.68	4837268	41627326	2.34	8.93	9.07	8.71	8.42	8.27
20140725,五	8.66	8.8	8.62	8.73	1593706	13899974	0.771	8.84	9.06	8.76	8.45	8.29
20140728,一	8.72	9.03	8.6	8.9	4725408	41960675	2.29	8.83	9.07	8.81	8.48	8.31
20140729,二	8.88	9.11	8.88	9.02	2153473	19452958	1.04	8.81	9.04	8.87	8.52	8.32
20140730,三	9.03	9.23	8.92	9.15	2329642	21293840	1.13	8.9	8.99	8.91	8.56	8.33
20140731,四	9.1	9.59	9.08	9.46	3188287	29973298	1.54	9.05	8.99	8.98	8.62	8.35
20140801,五	9.4	9.79	9.35	9.55	3908192	37751913	1.89	9.22	9.03	9.04	8.68	8.37
20140804,一	9.77	9.86	9.39	9.69	6226556	60318678	3.01	9.37	9.1	9.08	8.74	8.4
20140805,二	9.68	9.85	9.5	9.69	3546859	34443156	1.72	9.51	9.16	9.13	8.8	8.42
20140806,三	9.65	9.69	9.47	9.65	1848863	17738545	0.895	9.61	9.25	9.18	8.87	8.44
20140807,四	9.7	9.78	9.49	9.55	2416858	23228960	1.17	9.63	9.34	9.21	8.92	8.45
20140808,五	9.53	9.65	9.5	9.6	1605593	15358003	0.777	9.64	9.43	9.24	8.98	8.46
20140811,一	9.64	10.08	9.64	10.08	5929947	59339494	2.87	9.71	9.54	9.31	9.06	8.48
20140812,二	10.08	10.53	9.93	10.33	4353760	45080933	2.11	9.84	9.67	9.36	9.14	8.51
20140813,三	10.34	10.69	10.26	10.39	3169736	33179488	1.53	9.99	9.8	9.39	9.21	8.55
20140814,四	10.33	10.8	10.27	10.56	5103925	53704493	2.47	10.19	9.91	9.45	9.29	8.59
20140815,五	10.53	10.78	10.25	10.3	3942729	41007545	1.91	10.33	9.98	9.51	9.35	8.62
20140818,一	10.4	10.57	10.18	10.26	3750668	38756962	1.82	10.37	10.04	9.57	9.4	8.65
20140819,二	10.24	10.37	10.15	10.3	2761536	28285348	1.34	10.36	10.1	9.63	9.45	8.68
20140820,三	10.34	10.34	10.14	10.17	3974608	40646146	1.92	10.32	10.15	9.7	9.5	8.71
20140821,四	10.14	10.22	10.03	10.12	2957440	29992799	1.43	10.23	10.21	9.78	9.54	8.75
20140822,五	10.13	10.23	10.1	10.11	1578990	16020235	0.764	10.19	10.26	9.84	9.58	8.78
20140825,一	10.16	10.35	10.09	10.14	3022436	30719084	1.46	10.17	10.27	9.91	9.63	8.83
20140826,二	10.14	10.2	9.67	9.92	3523501	34838379	1.71	10.09	10.23	9.95	9.65	8.86
20140827,三	9.91	9.94	9.75	9.8	1796061	17660765	0.869	10.02	10.17	9.98	9.65	8.9
20140828,四	9.83	9.92	9.73	9.78	1746358	17172400	0.845	9.95	10.09	10.0	9.66	8.94
20140829,五	9.76	9.89	9.74	9.87	852174	8379828	0.412	9.9	10.05	10.02	9.69	8.98
20140901,一	9.91	10.07	9.87	10.06	1846641	18441881	0.894	9.89	10.03	10.03	9.72	9.02
20140902,二	10.19	10.55	10.06	10.17	3152056	31988557	1.53	9.94	10.01	10.06	9.76	9.06
20140903,三	10.17	10.37	9.95	10.33	4940757	50207003	2.39	10.04	10.03	10.09	9.81	9.1
20140904,四	10.25	10.3	10.03	10.1	6496915	65768581	3.14	10.11	10.03	10.12	9.86	9.14
20140905,五	10.1	10.15	9.79	9.9	6398659	63223648	3.1	10.11	10.01	10.13	9.9	9.17
20140909,二	9.9	9.92	9.66	9.74	5108297	49757571	2.47	10.05	9.97	10.12	9.93	9.2
20140910,三	9.73	9.84	9.65	9.78	3804870	37051149	1.84	9.97	9.95	10.09	9.95	9.24
20140911,四	9.81	9.94	9.74	9.85	4190229	41221826	2.03	9.87	9.96	10.06	9.98	9.27
20140912,五	9.86	9.93	9.79	9.87	4339211	42700756	2.1	9.83	9.97	10.03	9.99	9.31
20140915,一	9.93	10.36	9.93	10.3	10040357	102043544	4.86	9.91	10.01	10.03	10.01	9.35
20140916,二	10.28	10.33	9.92	9.94	6596983	66988923	3.19	9.95	10.0	10.01	10.02	9.38
20140917,三	10.0	10.07	9.75	9.92	3735808	36931030	1.81	9.98	9.97	9.99	10.03	9.42
20140918,四	9.9	10.18	9.81	10.0	5160979	52000137	2.5	10.01	9.94	9.98	10.04	9.45
20140919,五	10.0	10.16	9.93	10.08	2452001	24700828	1.19	10.05	9.94	9.98	10.06	9.49
20140922,一	10.08	10.18	9.91	9.92	2630919	26356580	1.27	9.97	9.94	9.97	10.07	9.52
20140923,二	9.9	10.07	9.9	9.96	2045510	20360437	0.99	9.98	9.96	9.96	10.07	9.56
20140924,三	9.94	10.06	9.9	10.01	2912165	29097432	1.41	9.99	9.98	9.97	10.05	9.6
20140925,四	10.0	10.12	9.98	10.08	3757816	37726086	1.82	10.01	10.01	9.98	10.04	9.63
20140926,五	10.06	10.28	10.03	10.21	4177099	42458692	2.02	10.04	10.04	10.0	10.03	9.66
20140929,一	10.25	10.44	10.11	10.17	6400753	65414720	3.1	10.09	10.03	10.02	10.03	9.69
20140930,二	10.19	10.35	10.15	10.28	4362351	44636080	2.11	10.15	10.06	10.03	10.03	9.72
20141008,三	10.28	10.3	9.77	10.22	3437791	35010060	1.66	10.19	10.09	10.03	10.03	9.74
20141009,四	10.22	10.37	10.08	10.21	4020855	41066282	1.95	10.22	10.11	10.03	10.03	9.76
20141010,五	10.19	10.33	10.1	10.32	4127948	42282882	2.0	10.24	10.14	10.04	10.03	9.79
20141013,一	10.28	10.68	10.23	10.65	8713137	91197780	4.22	10.34	10.21	10.08	10.05	9.82
20141014,二	10.6	10.67	10.27	10.37	5259679	54972891	2.55	10.35	10.25	10.11	10.06	9.84
20141015,三	10.32	10.4	10.0	10.09	5255933	53263516	2.54	10.33	10.26	10.12	10.07	9.86
20141016,四	10.05	10.08	9.89	9.9	5925350	59006681	2.87	10.27	10.24	10.12	10.07	9.86
20141017,五	9.89	10.0	9.6	9.73	4359007	42538307	2.11	10.15	10.19	10.12	10.07	9.87
20141020,一	9.72	9.83	9.68	9.81	2065307	20160137	0.999	9.98	10.16	10.09	10.07	9.88
20141021,二	9.82	9.87	9.67	9.69	3242045	31613792	1.57	9.84	10.1	10.08	10.05	9.89
20141022,三	9.7	9.76	9.33	9.37	4330565	41277923	2.1	9.7	10.01	10.05	10.03	9.89
20141023,四	9.34	9.42	9.0	9.0	4492894	41096701	2.17	9.52	9.89	10.0	9.98	9.9
20141024,五	9.05	9.18	8.92	9.12	2076368	18839995	1.0	9.4	9.77	9.96	9.95	9.9
20141027,一	9.11	9.33	9.0	9.24	1826272	16829554	0.884	9.28	9.63	9.92	9.93	9.91
20141028,二	9.26	9.57	9.25	9.55	2165437	20522377	1.05	9.26	9.55	9.9	9.92	9.92
20141029,三	9.53	9.67	9.4	9.58	3408352	32521829	1.65	9.3	9.5	9.88	9.91	9.93
20141030,四	9.64	9.71	9.46	9.47	3669919	35090879	1.78	9.39	9.46	9.85	9.9	9.94
20141031,五	9.53	9.58	9.38	9.56	2997035	28386181	1.45	9.48	9.44	9.82	9.89	9.94
20141103,一	9.51	9.73	9.5	9.69	4054845	39106179	1.96	9.57	9.43	9.79	9.87	9.94
20141104,二	9.65	9.65	9.5	9.53	3369909	32219558	1.63	9.57	9.41	9.75	9.86	9.94
20141105,三	9.53	9.67	9.52	9.56	2604411	24997418	1.26	9.56	9.43	9.72	9.85	9.94
20141106,四	9.55	9.58	9.37	9.51	3007511	28416974	1.46	9.57	9.48	9.69	9.83	9.94
20141107,五	9.5	9.52	9.31	9.37	2892955	27323164	1.4	9.53	9.51	9.64	9.81	9.93
20141110,一	9.39	9.39	9.21	9.25	2956913	27463774	1.43	9.44	9.51	9.57	9.78	9.93
20141111,二	9.25	9.32	8.96	9.1	4297071	39118464	2.08	9.36	9.46	9.51	9.75	9.91
20141112,三	9.15	9.41	9.02	9.34	3687883	34045120	1.78	9.31	9.44	9.47	9.73	9.89
20141113,四	9.36	9.69	9.25	9.65	6470649	61763460	3.13	9.34	9.46	9.46	9.72	9.88
20141114,五	9.59	9.78	9.48	9.6	4501769	43299974	2.18	9.39	9.46	9.45	9.7	9.87
20141117,一	9.6	9.75	9.33	9.66	5930250	56577940	2.87	9.47	9.46	9.44	9.68	9.85
20141118,二	9.65	9.78	9.49	9.71	5848246	56462332	2.83	9.59	9.47	9.44	9.66	9.85
20141119,三	9.71	9.73	9.49	9.55	4391952	41983881	2.13	9.63	9.47	9.45	9.64	9.83
20141120,四	9.48	9.54	9.3	9.39	4098051	38630238	1.98	9.58	9.46	9.47	9.61	9.82
20141121,五	9.43	9.43	9.25	9.33	5361712	49969893	2.59	9.53	9.46	9.48	9.58	9.81
20141124,一	9.37	9.46	9.32	9.41	3222555	30266984	1.56	9.48	9.47	9.49	9.54	9.8
20141125,二	9.41	9.46	9.34	9.39	4335767	40666206	2.1	9.41	9.5	9.48	9.51	9.78
20141126,三	9.41	9.43	9.34	9.4	3429977	32174870	1.66	9.38	9.51	9.47	9.48	9.77
20141127,四	9.45	9.68	9.36	9.63	15369340	145923530	7.44	9.43	9.51	9.48	9.47	9.77
20141128,五	9.61	9.75	9.55	9.72	11353905	109458501	5.49	9.51	9.52	9.49	9.47	9.77
20141201,一	9.78	10.21	9.75	9.98	13466448	135150370	6.52	9.62	9.55	9.5	9.48	9.77
20141202,二	9.99	10.18	9.92	10.03	7893497	79202225	3.82	9.75	9.58	9.53	9.49	9.77
20141203,三	10.04	10.18	9.92	10.05	8384706	84117098	4.06	9.88	9.63	9.55	9.51	9.77
20141204,四	10.08	10.13	9.99	10.06	7147315	71831765	3.46	9.97	9.7	9.58	9.55	9.77
20141205,五	10.05	10.05	9.56	9.6	13981992	135544430	6.77	9.94	9.73	9.59	9.56	9.76
20141208,一	9.57	9.57	9.34	9.42	6459138	60934461	3.13	9.83	9.73	9.6	9.57	9.75
20141209,二	9.39	9.39	8.98	9.06	7845836	71989526	3.8	9.64	9.7	9.6	9.55	9.74
20141210,三	9.02	9.49	8.96	9.39	4773598	44233021	2.31	9.51	9.69	9.6	9.55	9.73
20141211,四	9.35	9.44	9.22	9.33	4255892	39647392	2.06	9.36	9.66	9.59	9.54	9.72
20141212,五	9.35	9.52	9.34	9.45	3874489	36589467	1.87	9.33	9.64	9.58	9.54	9.72
20141215,一	9.4	9.7	9.34	9.58	4497145	43060818	2.18	9.36	9.6	9.57	9.53	9.7
20141216,二	9.6	9.65	9.31	9.36	6295310	59533037	3.05	9.42	9.53	9.56	9.53	9.69
20141217,三	9.39	9.39	9.08	9.22	7734788	71055443	3.74	9.39	9.45	9.54	9.52	9.68
20141218,四	9.22	9.26	9.16	9.22	3316873	30554248	1.61	9.37	9.36	9.53	9.51	9.67
20141219,五	9.18	9.24	8.99	9.09	4422753	40148741	2.14	9.29	9.31	9.52	9.5	9.65
20141222,一	9.08	9.22	8.64	8.66	6582872	57808516	3.19	9.11	9.24	9.48	9.48	9.63
20141223,二	8.66	8.81	8.58	8.69	2906258	25246440	1.41	8.98	9.2	9.45	9.47	9.61
20141224,三	8.73	8.97	8.7	8.96	3968417	35219868	1.92	8.92	9.16	9.43	9.45	9.59
20141225,四	9.03	9.08	8.93	9.06	2636370	23798498	1.28	8.89	9.13	9.4	9.43	9.58
20141226,五	9.03	9.12	8.98	9.01	2232936	20192538	1.08	8.88	9.08	9.36	9.41	9.56
20141229,一	8.95	8.96	8.75	8.79	2770275	24482017	1.34	8.9	9.01	9.3	9.38	9.53
20141230,二	8.79	9.1	8.76	8.78	4055123	36030004	1.96	8.92	8.95	9.24	9.35	9.51
20141231,三	8.79	8.87	8.53	8.7	4076344	35232952	1.97	8.87	8.9	9.17	9.33	9.48
20150105,一	8.67	8.84	8.58	8.78	3538562	30880694	1.71	8.81	8.85	9.11	9.3	9.46
20150106,二	8.71	9.02	8.66	8.96	3455782	30670780	1.67	8.8	8.84	9.08	9.29	9.44
20150107,三	8.92	9.15	8.91	9.01	3356073	30356918	1.62	8.85	8.87	9.05	9.28	9.41
20150108,四	9.02	9.17	9.02	9.05	3040154	27655568	1.47	8.9	8.91	9.05	9.27	9.39
20150109,五	9.01	9.18	9.01	9.1	3029488	27663392	1.47	8.98	8.92	9.04	9.26	9.37
20150112,一	9.04	9.04	8.85	8.9	2567406	22898536	1.24	9.0	8.91	9.02	9.23	9.35
20150113,二	8.93	9.08	8.83	9.03	2511814	22506123	1.22	9.02	8.91	9.0	9.21	9.34
20150114,三	9.04	9.35	8.96	9.26	5629184	51802270	2.72	9.07	8.96	8.98	9.19	9.33
20150115,四	9.24	9.37	9.15	9.23	4404962	40835769	2.13	9.1	9.0	8.97	9.16	9.32
20150116,五	9.21	9.41	9.19	9.36	2885874	26938997	1.4	9.16	9.07	8.98	9.14	9.32
20150119,一	9.2	9.41	8.9	9.11	4320029	39738891	2.09	9.2	9.1	8.98	9.11	9.33
20150120,二	9.09	9.36	9.09	9.36	3589597	33175613	1.74	9.26	9.14	8.99	9.1	9.33
20150121,三	9.38	9.52	9.33	9.5	3984773	37614094	1.93	9.31	9.19	9.03	9.1	9.33
20150122,四	9.5	9.61	9.43	9.58	2941903	28063659	1.42	9.38	9.24	9.08	9.12	9.34
20150123,五	9.58	9.63	9.31	9.39	4234247	40192793	2.05	9.39	9.27	9.1	9.12	9.33
20150126,一	9.35	9.65	9.35	9.58	4727220	45061907	2.29	9.48	9.34	9.12	9.13	9.33
20150127,二	9.58	9.85	9.56	9.65	6413850	62062825	3.1	9.54	9.4	9.16	9.13	9.34
20150128,三	9.67	9.94	9.61	9.81	5665841	55477369	2.74	9.6	9.46	9.21	9.14	9.34
20150129,四	9.8	9.89	9.65	9.69	3601782	35050116	1.74	9.62	9.5	9.25	9.15	9.34
20150130,五	9.7	9.83	9.66	9.78	2997209	29175217	1.45	9.7	9.54	9.31	9.17	9.34
20150202,一	9.84	10.12	9.75	9.77	5484254	54473631	2.65	9.74	9.61	9.36	9.19	9.35
20150203,二	9.72	9.88	9.65	9.85	3166149	30842224	1.53	9.78	9.66	9.4	9.21	9.36
20150204,三	9.9	9.9	9.75	9.76	1894458	18560235	0.917	9.77	9.69	9.44	9.25	9.36
20150205,四	9.84	9.85	9.59	9.6	2464401	23902490	1.19	9.75	9.69	9.47	9.28	9.37
20150206,五	9.58	9.65	9.38	9.41	2366862	22506079	1.15	9.68	9.69	9.48	9.3	9.37
20150209,一	9.32	9.53	9.31	9.49	1734316	16419425	0.839	9.62	9.68	9.51	9.31	9.37
20150210,二	9.48	9.74	9.38	9.72	2794930	26892915	1.35	9.6	9.69	9.54	9.33	9.37
20150211,三	9.72	9.88	9.72	9.73	2333902	22835061	1.13	9.59	9.68	9.57	9.36	9.37
20150212,四	9.74	9.79	9.66	9.79	1559355	15162942	0.755	9.63	9.69	9.6	9.4	9.38
20150213,五	9.8	10.04	9.8	9.95	4246819	42254664	2.06	9.74	9.71	9.63	9.44	9.38
20150216,一	9.95	10.26	9.95	10.2	5056005	51436399	2.45	9.88	9.75	9.68	9.49	9.4
20150217,二	10.2	10.27	10.08	10.18	2579585	26219364	1.25	9.97	9.78	9.72	9.53	9.41
20150225,三	10.17	10.36	10.01	10.23	4486677	45643597	2.17	10.07	9.83	9.76	9.57	9.42
20150226,四	10.34	10.48	10.25	10.45	3452773	35923849	1.67	10.2	9.92	9.8	9.62	9.44
20150227,五	10.44	10.77	10.39	10.52	5151123	54616335	2.49	10.32	10.03	9.86	9.66	9.46
20150302,一	10.52	10.67	10.45	10.62	4636026	48809516	2.24	10.4	10.14	9.91	9.72	9.48
20150303,二	10.56	11.15	10.49	11.02	9772635	107405746	4.73	10.57	10.27	9.98	9.79	9.5
20150304,三	11.14	11.57	11.03	11.57	6976894	79815445	3.38	10.84	10.45	10.07	9.86	9.52
20150305,四	11.74	11.98	11.18	11.45	6033579	69580815	2.92	11.04	10.62	10.15	9.94	9.55
20150306,五	11.45	11.94	11.29	11.77	6603749	76647355	3.2	11.29	10.8	10.25	10.02	9.58
20150309,一	11.79	12.33	11.6	12.14	5624260	67945377	2.72	11.59	10.99	10.37	10.12	9.61
20150310,二	12.15	12.18	11.88	11.98	3934304	47088702	1.9	11.78	11.18	10.48	10.21	9.65
20150311,三	11.91	12.07	11.4	11.6	4448739	52112424	2.15	11.79	11.31	10.57	10.28	9.69
20150312,四	11.63	11.92	11.45	11.62	3477593	40671439	1.68	11.82	11.43	10.67	10.34	9.73
20150313,五	11.61	11.89	11.61	11.88	2938978	34576399	1.42	11.84	11.56	10.8	10.43	9.77
20150316,一	12.1	12.28	11.96	12.03	5256648	63382949	2.54	11.82	11.71	10.92	10.51	9.82
20150317,二	12.13	12.19	11.91	12.08	4690233	56577169	2.27	11.84	11.81	11.04	10.59	9.86
20150318,三	12.1	12.5	12.08	12.39	6376076	78269257	3.09	12.0	11.89	11.17	10.68	9.91
20150319,四	12.39	13.01	12.3	13.01	13956164	180290430	6.75	12.28	12.05	11.33	10.79	9.97
20150320,五	13.14	13.35	12.79	13.0	16445265	214510930	7.96	12.5	12.17	11.49	10.89	10.03
20150323,一	12.97	13.04	12.75	13.01	9773653	126351177	4.73	12.7	12.26	11.63	11.0	10.09
20150324,二	13.0	13.5	12.8	13.39	11452441	149247730	5.54	12.96	12.4	11.79	11.12	10.17
20150325,三	13.45	13.45	13.13	13.21	7942254	105190147	3.84	13.12	12.56	11.94	11.23	10.24
20150326,四	13.14	13.14	12.82	12.96	7252521	94128015	3.51	13.11	12.7	12.06	11.35	10.31
20150327,五	13.15	13.61	13.1	13.55	9850590	132329727	4.77	13.22	12.86	12.21	11.48	10.39
20150330,一	13.5	13.5	13.16	13.33	8944041	118682291	4.33	13.29	12.99	12.35	11.61	10.46
20150331,二	13.22	13.31	12.98	13.13	9841042	128750843	4.76	13.24	13.1	12.46	11.73	10.53
20150401,三	13.02	13.7	13.0	13.44	8802021	116917583	4.26	13.28	13.2	12.55	11.85	10.61
20150403,五	13.43	13.43	12.84	13.14	20767968	272196220	10.05	13.32	13.22	12.63	11.96	10.68
20150407,二	13.01	13.59	13.01	13.45	17302697	228637570	8.37	13.3	13.26	12.72	12.08	10.76
20150408,三	13.47	13.5	12.82	13.05	12644885	166101150	6.12	13.24	13.27	12.76	12.17	10.83
20150409,四	13.2	13.2	12.28	12.63	9430692	118987322	4.56	13.14	13.19	12.79	12.26	10.89
20150410,五	12.61	13.12	12.42	13.01	11032353	141701500	5.34	13.06	13.17	12.87	12.35	10.96
20150413,一	12.97	13.15	12.72	12.93	10152490	131274064	4.91	13.01	13.17	12.93	12.43	11.02
20150414,二	12.93	12.94	12.6	12.84	8617676	109862011	4.17	12.89	13.1	12.98	12.51	11.09
20150415,三	12.78	12.78	11.82	12.38	18645688	227862690	9.02	12.76	13.0	13.0	12.57	11.14
20150416,四	12.06	12.46	11.87	12.2	7083249	86592090	3.43	12.67	12.91	13.0	12.61	11.2
20150417,五	12.21	12.43	12.16	12.24	7439324	91369195	3.6	12.52	12.79	12.99	12.63	11.25
20150420,一	12.28	12.34	11.89	11.93	7858656	95001499	3.8	12.32	12.67	12.94	12.64	11.29
20150421,二	12.0	12.41	11.92	12.39	7989733	97521853	3.87	12.23	12.56	12.91	12.66	11.34
20150422,三	12.6	12.79	12.44	12.69	10802372	136838660	5.23	12.29	12.52	12.89	12.68	11.4
20150423,四	12.7	13.33	12.56	13.18	16634452	215465180	8.05	12.49	12.58	12.88	12.72	11.46
20150424,五	12.95	13.19	12.84	13.15	10065221	131163805	4.87	12.67	12.59	12.88	12.77	11.53
20150427,一	13.16	13.29	12.87	13.25	14733888	192385690	7.13	12.93	12.62	12.9	12.83	11.59
20150428,二	13.31	13.31	12.54	12.56	8749568	112843511	4.23	12.97	12.6	12.85	12.85	11.64
20150429,三	12.47	12.74	12.37	12.52	5616942	70579723	2.72	12.93	12.61	12.81	12.87	11.69
20150430,四	12.58	12.95	12.55	12.7	5416753	68994699	2.62	12.84	12.66	12.78	12.89	11.74
20150504,一	12.66	12.8	12.37	12.73	6510411	82104889	3.15	12.75	12.71	12.75	12.9	11.79
20150505,二	12.62	12.72	11.88	12.07	8828795	107986876	4.27	12.52	12.72	12.7	12.87	11.83
20150506,三	12.29	12.29	11.68	11.83	6261027	75253111	3.03	12.37	12.67	12.61	12.83	11.86
20150507,四	11.79	11.83	11.24	11.26	5097751	58501709	2.47	12.12	12.53	12.52	12.77	11.89
20150508,五	11.4	11.57	11.2	11.45	8526932	96955494	4.13	11.87	12.35	12.47	12.71	11.91
20150511,一	11.54	12.09	11.4	11.9	10065604	118634324	4.87	11.7	12.23	12.41	12.66	11.95
20150512,二	11.92	12.52	11.9	12.48	16996615	209013260	8.23	11.78	12.15	12.39	12.65	12.0
20150513,三	12.35	12.73	12.22	12.46	9066293	113442297	4.39	11.91	12.14	12.37	12.61	12.05
20150514,四	12.4	12.68	12.4	12.54	8314147	104191831	4.02	12.17	12.14	12.38	12.58	12.1
20150515,五	12.54	12.79	12.37	12.5	8037894	101051560	3.89	12.38	12.12	12.39	12.56	12.14
20150518,一	12.4	12.94	12.37	12.89	9849982	125542424	4.77	12.57	12.14	12.42	12.54	12.2
20150519,二	12.88	13.1	12.62	12.96	10236767	131329267	4.95	12.67	12.23	12.48	12.54	12.25
20150520,三	12.95	14.25	12.77	14.0	20503873	280315570	9.92	12.98	12.44	12.56	12.56	12.32
20150521,四	13.79	14.46	13.75	14.37	16989711	239427380	8.22	13.34	12.75	12.64	12.6	12.39
20150522,五	14.41	14.53	13.83	14.2	13099820	185675330	6.34	13.68	13.03	12.69	12.65	12.45
20150525,一	14.11	14.91	13.81	14.67	11452882	165775810	5.54	14.04	13.31	12.77	12.71	12.53
20150526,二	14.6	14.91	14.26	14.75	13755668	201873220	6.66	14.4	13.53	12.84	12.77	12.6
20150527,三	14.75	15.59	14.63	15.21	15565734	237125700	7.53	14.64	13.81	12.97	12.85	12.68
20150528,四	15.1	15.66	14.0	14.04	15895865	239835850	7.69	14.57	13.96	13.05	12.9	12.74
20150529,五	14.1	14.34	12.7	13.6	12964238	176355780	6.27	14.45	14.07	13.1	12.95	12.78
20150601,一	13.75	14.34	13.73	14.33	11193272	157645270	5.42	14.39	14.21	13.18	13.02	12.82
20150602,二	14.3	15.76	14.2	15.76	17186474	260979140	8.32	14.59	14.49	13.36	13.15	12.9
20150603,三	16.3	16.99	15.88	16.98	17788817	293807950	8.61	14.94	14.79	13.62	13.3	12.98
20150604,四	16.84	16.9	15.5	16.55	11644736	190353410	5.64	15.44	15.01	13.88	13.43	13.06
20150605,五	16.57	17.8	16.57	17.54	13551208	235448800	6.56	16.23	15.34	14.19	13.58	13.15
20150608,一	17.45	17.51	16.5	16.78	11492178	194710130	5.56	16.72	15.55	14.43	13.7	13.24
20150609,二	16.7	16.75	15.98	16.39	9556144	155870340	4.62	16.85	15.72	14.63	13.8	13.31
20150610,三	16.4	17.28	16.11	16.95	8509997	143421940	4.12	16.84	15.89	14.85	13.95	13.4
20150611,四	16.9	17.03	16.41	16.86	7199493	120334226	3.48	16.9	16.17	15.07	14.09	13.48
20150612,五	17.0	17.78	17.0	17.45	11091882	194100680	5.37	16.89	16.56	15.31	14.25	13.57
20150615,一	17.7	19.2	17.39	18.85	17233778	318559440	8.34	17.3	17.01	15.61	14.45	13.68
20150616,二	18.55	19.5	17.38	18.2	14050701	261702460	6.8	17.66	17.25	15.87	14.66	13.76
20150617,三	18.19	18.74	17.0	18.55	9939306	179162000	4.81	17.98	17.41	16.1	14.88	13.86
20150618,四	18.48	20.41	18.48	19.78	17115870	343535060	8.28	18.57	17.73	16.37	15.17	13.97
20150619,五	19.02	20.5	17.8	17.8	14469743	277754510	7.0	18.64	17.76	16.55	15.38	14.04
20150623,二	17.03	17.9	16.02	17.2	11846108	200604470	5.73	18.31	17.8	16.68	15.55	14.11
20150624,三	17.4	18.8	17.2	18.5	11929652	215112110	5.77	18.37	18.01	16.87	15.76	14.2
20150625,四	18.99	20.18	18.32	19.49	15318433	298421460	7.41	18.55	18.27	17.08	15.99	14.3
20150626,五	18.75	18.75	17.54	17.54	7606539	136107800	3.68	18.11	18.34	17.26	16.16	14.37
20150629,一	18.1	18.42	15.79	15.79	10182229	166641860	4.93	17.7	18.17	17.36	16.27	14.41
20150630,二	14.3	16.45	14.21	15.88	19450615	291029650	9.42	17.44	17.87	17.44	16.37	14.46
20150701,三	15.7	16.53	14.29	14.29	14881367	229202120	7.21	16.6	17.48	17.37	16.41	14.47
20150702,四	13.55	13.66	12.86	12.86	10765886	140000760	5.22	15.27	16.91	17.16	16.37	14.46
20150703,五	11.57	12.49	11.57	11.57	10511470	122414374	5.09	14.08	16.09	16.91	16.28	14.44
20150706,一	12.73	12.73	10.41	10.44	30480311	356988090	14.77	13.01	15.36	16.56	16.15	14.4
20150707,二	9.41	9.78	9.4	9.4	9236535	87089588	4.48	11.71	14.58	16.19	15.98	14.34
20150708,三	8.46	10.1	8.46	9.85	26702376	233914770	12.94	10.82	13.71	15.86	15.81	14.29
20150715,三	10.84	10.84	10.84	10.84	4199816	45526005	2.03	10.42	12.85	15.56	15.67	14.26
20150716,四	9.76	11.92	9.76	11.92	20502281	225181310	9.93	10.49	12.28	15.31	15.6	14.25
20150717,五	11.86	13.11	11.8	13.11	8463540	107608512	4.1	11.02	12.02	15.09	15.58	14.27
20150720,一	14.21	14.42	14.2	14.42	11244435	161694700	5.45	12.03	11.87	14.87	15.58	14.3
20150721,二	15.12	15.86	14.5	15.86	11437897	175880580	5.54	13.23	12.03	14.75	15.59	14.37
20150722,三	16.32	17.33	14.66	15.4	18891482	299017940	9.15	14.14	12.28	14.6	15.54	14.42
20150723,四	15.2	15.9	15.0	15.68	10999854	170509530	5.33	14.89	12.69	14.39	15.51	14.47
20150724,五	15.67	16.35	15.01	15.56	12453830	195281640	6.03	15.38	13.2	14.28	15.44	14.51
20150727,一	15.0	17.12	14.7	15.74	18908388	311609040	9.16	15.65	13.84	14.21	15.41	14.55
20150728,二	14.22	17.31	14.17	17.31	23563271	380782590	11.42	15.94	14.58	14.15	15.44	14.62
20150729,三	17.88	18.79	16.79	18.51	25149152	449724490	12.18	16.56	15.35	14.1	15.49	14.72
20150730,四	17.9	20.17	17.0	17.5	17669260	332667600	8.56	16.92	15.91	14.1	15.51	14.8
20150731,五	17.55	18.05	16.1	17.0	12964108	222213420	6.28	17.21	16.3	14.16	15.49	14.87
20150803,一	16.4	17.65	15.68	16.9	14036437	233236810	6.8	17.44	16.55	14.21	15.43	14.94
20150804,二	16.66	17.99	15.76	17.9	11402046	194000450	5.52	17.56	16.75	14.39	15.42	15.04
20150805,三	17.68	18.26	16.99	17.09	8019799	140289050	3.89	17.28	16.92	14.6	15.37	15.13
20150806,四	16.45	16.79	15.92	16.06	7688573	125244129	3.73	16.99	16.96	14.82	15.25	15.21
20150807,五	16.36	16.69	15.48	16.32	13756766	220673650	6.67	16.85	17.03	15.12	15.2	15.29
20150810,一	16.32	17.2	15.88	17.15	13514809	223863560	6.55	16.9	17.17	15.51	15.2	15.38
20150811,二	17.07	17.07	16.1	16.41	11784090	195520420	5.71	16.61	17.08	15.83	15.13	15.44
20150812,三	16.16	16.21	15.0	15.09	16484768	254772950	7.99	16.21	16.74	16.05	14.98	15.48
20150813,四	15.03	15.5	14.51	15.28	11729707	176670310	5.68	16.05	16.52	16.21	14.9	15.53
20150814,五	15.29	15.6	14.64	14.81	11844720	177983490	5.74	15.75	16.3	16.3	14.87	15.57
20150817,一	14.7	15.65	14.5	15.57	10715430	162394490	5.19	15.43	16.17	16.36	14.86	15.61
20150818,二	15.62	15.75	14.01	14.01	11893641	176316090	5.76	14.95	15.78	16.26	14.85	15.63
20150819,三	13.0	14.83	13.0	14.6	11662161	163615740	5.65	14.85	15.53	16.22	14.91	15.64
20150820,四	14.41	15.28	14.14	14.44	9394243	139819840	4.55	14.69	15.37	16.16	15.01	15.64
20150821,五	13.8	14.62	13.0	13.0	7533171	102281493	3.65	14.32	15.04	16.03	15.09	15.62
20150824,一	12.0	12.3	11.7	11.7	2513644	29603362	1.22	13.55	14.49	15.83	15.17	15.57
20150825,二	10.53	10.9	10.53	10.53	4506131	47620721	2.18	12.85	13.9	15.49	15.19	15.5
20150826,三	10.54	11.0	9.48	9.48	11075999	110458449	5.37	11.83	13.34	15.04	15.15	15.41
20150827,四	9.5	9.93	8.81	9.6	8729211	82825477	4.23	10.86	12.77	14.65	15.07	15.33
20150828,五	9.81	10.4	9.81	10.38	9202901	92855589	4.46	10.34	12.33	14.32	14.98	15.28
20150831,一	10.47	10.52	9.71	10.1	6745876	67595871	3.27	10.02	11.78	13.98	14.83	15.21
20150901,二	9.92	10.0	9.09	9.24	4777509	45445497	2.31	9.76	11.31	13.54	14.61	15.1
20150902,三	8.82	9.5	8.32	8.52	4919611	43326070	2.38	9.57	10.7	13.11	14.38	14.96
20150907,一	8.82	9.08	8.43	8.7	5789907	50566851	2.81	9.39	10.12	12.75	14.15	14.83
20150908,二	8.6	9.45	8.56	9.22	3816424	33923867	1.85	9.16	9.75	12.39	13.94	14.69
20150909,三	9.23	10.14	9.23	10.14	9853452	98602816	4.77	9.16	9.59	12.04	13.75	14.58
20150910,四	9.9	11.15	9.8	11.15	11746694	126860080	5.69	9.55	9.65	11.78	13.55	14.49
20150911,五	11.5	11.93	10.91	11.24	11229944	127136345	5.44	10.09	9.83	11.59	13.3	14.4
20150914,一	11.29	11.37	10.12	10.12	9257432	98989151	4.49	10.37	9.88	11.33	13.06	14.28
20150915,二	9.51	9.89	9.11	9.11	6790942	64287905	3.29	10.35	9.75	11.04	12.8	14.14
20150916,三	9.0	10.02	9.0	10.02	8578092	81771781	4.16	10.33	9.75	10.76	12.57	14.0
20150917,四	10.04	10.36	9.65	9.79	8133374	81560531	3.94	10.06	9.8	10.55	12.3	13.86
20150918,五	9.77	10.05	9.62	9.91	4481486	44271483	2.17	9.79	9.94	10.32	12.06	13.71
20150921,一	9.79	10.66	9.52	10.56	9102873	90551418	4.41	9.88	10.13	10.13	11.87	13.56
20150922,二	10.41	11.22	10.4	10.8	10701440	116364175	5.18	10.22	10.28	10.02	11.69	13.44
20150923,三	10.32	10.7	10.28	10.39	6027037	63138221	2.92	10.29	10.31	9.95	11.46	13.33
20150924,四	10.65	11.28	10.5	10.84	9995558	109465012	4.84	10.5	10.28	9.97	11.28	13.2
20150925,五	10.84	10.87	9.9	10.05	6305984	64880078	3.06	10.53	10.16	9.99	11.11	13.04
20150928,一	10.15	10.15	9.65	9.97	7149930	70406941	3.46	10.41	10.14	10.01	10.93	12.92
20150929,二	9.68	10.3	9.66	9.91	5084057	50425661	2.46	10.23	10.22	9.99	10.77	12.82
20150930,三	10.14	10.15	9.84	9.86	3370534	33616433	1.63	10.13	10.21	9.98	10.58	12.72
20151008,四	10.2	10.62	9.97	10.44	8042982	83057257	3.9	10.05	10.27	10.04	10.46	12.66
20151009,五	10.23	10.88	10.23	10.6	5557900	59090197	2.69	10.16	10.34	10.14	10.33	12.62
20151012,一	10.45	11.66	10.45	11.66	10131074	115924851	4.91	10.49	10.45	10.29	10.23	12.62
20151013,二	11.98	12.25	11.6	11.8	10850563	128867113	5.26	10.87	10.55	10.42	10.19	12.64
20151014,三	11.8	12.0	11.34	11.48	8316048	97351750	4.03	11.2	10.66	10.48	10.19	12.68
20151015,四	11.45	11.94	11.25	11.78	10509277	122567764	5.09	11.46	10.75	10.52	10.23	12.71
20151016,五	11.7	12.13	11.59	11.83	10975531	129555483	5.32	11.71	10.93	10.55	10.31	12.73
20151019,一	11.93	11.94	11.3	11.47	8647409	100722383	4.19	11.67	11.08	10.61	10.37	12.72
20151020,二	11.44	11.75	11.15	11.59	10471514	120017877	5.07	11.63	11.25	10.74	10.41	12.69
20151021,三	11.65	11.8	10.43	10.43	13690442	153677340	6.63	11.42	11.31	10.76	10.42	12.63
20151022,四	10.31	10.84	9.95	10.8	10233898	106733423	4.96	11.22	11.34	10.81	10.47	12.54
20151023,五	10.76	11.0	10.61	10.97	8140704	88398628	3.94	11.05	11.38	10.86	10.55	12.47
20151026,一	11.08	12.0	11.08	12.0	14158936	163598450	6.86	11.16	11.41	10.93	10.66	12.41
20151027,二	11.87	13.07	11.2	12.77	15384160	186153390	7.45	11.39	11.51	11.03	10.78	12.36
20151028,三	13.35	13.9	12.29	12.57	18158823	239489240	8.8	11.82	11.62	11.14	10.86	12.31
20151029,四	12.51	13.19	12.1	12.52	9592281	121110319	4.65	12.17	11.7	11.22	10.91	12.23
20151030,五	12.4	13.4	12.1	13.01	10611967	136563820	5.14	12.57	11.81	11.37	10.97	12.14
20151102,一	12.61	14.31	12.46	13.71	13971358	192517460	6.77	12.92	12.04	11.56	11.09	12.07
20151103,二	13.73	14.97	13.6	14.15	10876798	155132530	5.27	13.19	12.29	11.77	11.26	12.03
20151104,三	14.1	14.8	13.57	14.6	10325022	147880500	5.0	13.6	12.71	12.01	11.41	11.99
20151105,四	14.5	14.5	13.66	14.12	9148264	129150272	4.43	13.92	13.04	12.19	11.55	11.92
20151106,五	14.0	14.41	13.88	14.2	6020059	85072250	2.92	14.16	13.37	12.37	11.7	11.88
20151109,一	14.08	14.08	13.55	13.89	8554149	117579971	4.14	14.19	13.55	12.48	11.81	11.84
20151110,二	13.83	14.37	13.67	14.25	8152109	114362584	3.95	14.21	13.7	12.61	11.92	11.81
20151111,三	14.25	14.51	14.03	14.23	6744233	96025398	3.27	14.14	13.87	12.74	12.05	11.76
20151112,四	14.02	14.3	13.4	14.1	11487562	158215030	5.57	14.13	14.03	12.86	12.16	11.72
20151113,五	13.71	13.9	13.4	13.49	5995633	81419384	2.9	13.99	14.07	12.94	12.27	11.69
20151116,一	13.41	13.8	13.09	13.8	6236670	84588339	3.02	13.97	14.08	13.06	12.4	11.67
20151117,二	13.8	14.13	13.51	13.77	7381963	102777111	3.58	13.88	14.05	13.17	12.53	11.65
20151118,三	13.85	14.15	13.65	13.78	6330864	88404113	3.07	13.79	13.96	13.34	12.66	11.62
20151119,四	13.75	14.16	13.66	14.16	5091023	70754946	2.47	13.8	13.97	13.5	12.78	11.62
20151120,五	14.2	14.35	13.91	14.17	6888423	97313422	3.34	13.94	13.96	13.66	12.9	11.62
20151123,一	14.11	14.48	13.93	14.48	7142366	101170450	3.46	14.07	14.02	13.79	13.0	11.62
20151124,二	14.49	15.93	14.36	15.93	15700718	242371480	7.61	14.5	14.19	13.95	13.14	11.66
20151125,三	16.0	16.97	15.96	16.19	13807350	225931840	6.69	14.99	14.39	14.13	13.29	11.74
20151126,四	16.21	16.49	15.58	16.11	6811319	109262920	3.3	15.38	14.59	14.31	13.44	11.83
20151127,五	15.9	17.72	15.0	16.33	13385569	224332440	6.49	15.81	14.87	14.47	13.59	11.95
20151130,一	17.0	17.96	16.88	17.96	18637272	331574610	9.03	16.5	15.29	14.69	13.8	12.09
20151201,二	17.5	17.86	16.17	16.42	14462623	247196480	7.01	16.6	15.55	14.8	13.96	12.19
20151202,三	16.42	16.5	14.78	15.49	10722178	164734950	5.19	16.46	15.72	14.84	14.13	12.28
20151203,四	15.18	16.6	15.06	16.3	8333668	132748055	4.04	16.5	15.94	14.95	14.32	12.39
20151204,五	16.0	17.7	15.93	16.64	12162352	204764470	5.89	16.56	16.18	15.07	14.5	12.53
20151207,一	16.47	17.37	15.79	17.1	7506771	124953681	3.64	16.39	16.45	15.24	14.67	12.67
20151208,二	16.76	17.55	16.54	16.95	5975244	102284071	2.9	16.5	16.55	15.37	14.81	12.8
20151209,三	16.9	18.13	16.69	17.53	10665228	187424610	5.17	16.9	16.68	15.54	14.98	12.92
20151210,四	17.16	17.88	16.85	16.99	4743512	81695703	2.3	17.04	16.77	15.68	15.13	13.02
20151211,五	16.77	16.8	16.0	16.16	5302002	86309895	2.57	16.95	16.75	15.81	15.23	13.1
20151214,一	16.16	16.18	14.91	15.68	7999045	122756557	3.88	16.66	16.53	15.91	15.3	13.19
20151215,二	15.68	16.48	15.1	16.41	9207641	145370720	4.46	16.55	16.52	16.04	15.37	13.32
20151216,三	16.18	16.81	16.15	16.3	7069049	116113665	3.42	16.31	16.61	16.17	15.43	13.42
20151217,四	16.3	16.49	16.1	16.39	6362125	103799952	3.08	16.19	16.62	16.28	15.51	13.53
20151218,五	16.39	16.48	15.78	16.04	5718047	91643801	2.77	16.16	16.55	16.37	15.57	13.63
20151221,一	15.93	16.5	15.4	16.38	7953522	126601925	3.85	16.3	16.48	16.46	15.65	13.73
20151222,二	16.29	16.6	16.12	16.41	5890506	96482388	2.85	16.3	16.43	16.49	15.72	13.82
20151223,三	16.49	17.03	16.34	16.7	8846759	148136670	4.29	16.38	16.35	16.51	15.81	13.93
20151224,四	16.3	16.78	15.96	16.4	4721365	77527055	2.29	16.39	16.29	16.53	15.88	14.02
20151225,五	16.25	17.25	16.16	17.05	7994249	135047250	3.87	16.59	16.38	16.56	16.0	14.14
20151228,一	17.0	17.72	16.7	17.72	8049413	138133070	3.9	16.86	16.58	16.55	16.13	14.27
20151229,二	17.62	18.4	17.35	18.03	9366279	168529570	4.54	17.18	16.74	16.63	16.27	14.4
20151230,三	17.95	18.21	17.36	18.14	5822829	103971470	2.82	17.47	16.93	16.77	16.42	14.54
20151231,四	18.08	18.58	17.75	17.98	5720462	103554152	2.77	17.78	17.09	16.85	16.55	14.67
20160104,一	17.8	17.8	16.18	16.33	4154890	69191071	2.02	17.64	17.11	16.83	16.62	14.76
20160105,二	14.99	16.19	14.7	15.11	7076250	107624626	3.43	17.12	16.99	16.73	16.64	14.82
20160106,三	15.13	15.91	15.13	15.57	8877322	138490920	4.31	16.63	16.9	16.67	16.63	14.88
20160107,四	15.37	15.37	14.01	14.01	1247600	17971016	0.605	15.8	16.63	16.49	16.55	14.92
20160108,五	14.25	14.6	12.61	14.26	11184724	156972800	5.43	15.06	16.42	16.35	16.49	14.96
20160111,一	13.73	15.09	13.52	13.76	7638328	110800737	3.71	14.54	16.09	16.23	16.41	15.0
20160112,二	14.45	14.45	13.68	14.01	5645679	79198085	2.74	14.32	15.72	16.15	16.28	15.04
20160113,三	13.99	14.42	13.68	13.8	3678726	51971940	1.78	13.97	15.3	16.02	16.19	15.08
20160114,四	13.48	14.42	12.72	14.2	4741695	65548968	2.3	14.01	14.9	15.91	16.14	15.14
20160115,五	13.96	14.6	13.5	13.86	4033110	57469301	1.96	13.93	14.49	15.79	16.06	15.19
20160118,一	13.5	14.45	13.01	14.27	2858775	40308734	1.39	14.03	14.28	15.7	15.98	15.24
20160119,二	15.25	15.3	14.52	14.93	4277659	63606127	2.08	14.21	14.27	15.63	15.91	15.29
20160120,三	14.67	15.1	14.67	14.71	2609362	38793011	1.27	14.39	14.18	15.54	15.84	15.33
20160121,四	14.35	15.4	14.35	14.6	3139879	47085585	1.52	14.47	14.24	15.44	15.74	15.36
20160122,五	15.0	15.19	14.35	14.49	4897955	71531585	2.38	14.6	14.26	15.34	15.66	15.39
20160125,一	14.6	15.91	14.5	15.33	5030363	76845364	2.44	14.81	14.42	15.26	15.63	15.43
20160126,二	15.32	15.9	14.4	14.64	4173391	64048033	2.02	14.75	14.48	15.1	15.59	15.45
20160127,三	14.95	15.45	13.97	15.35	3921105	57851081	1.9	14.88	14.64	14.97	15.56	15.47
20160128,四	15.3	15.92	15.04	15.44	4167372	64735361	2.02	15.05	14.76	14.83	15.53	15.48
20160129,五	15.12	15.99	14.62	15.5	4736214	72984954	2.3	15.25	14.93	14.71	15.5	15.5
20160201,一	15.3	15.36	14.6	14.84	4388508	65329181	2.13	15.15	14.98	14.63	15.46	15.51
20160202,二	14.69	15.13	14.5	14.94	4147216	61433759	2.01	15.21	14.98	14.63	15.41	15.53
20160203,三	14.75	14.8	13.9	14.63	3663471	52151097	1.78	15.07	14.98	14.58	15.35	15.54
20160204,四	14.65	14.93	14.33	14.77	3012209	44498987	1.46	14.94	14.99	14.62	15.29	15.55
20160205,五	14.87	15.0	14.68	14.68	1814003	26930660	0.88	14.77	15.01	14.64	15.23	15.56
20160215,一	13.95	16.15	13.95	16.15	7537029	118199155	3.66	15.03	15.09	14.76	15.2	15.6
20160216,二	16.54	17.7	16.25	17.21	8708803	148425210	4.22	15.49	15.35	14.92	15.18	15.66
20160217,三	17.3	17.75	16.93	17.38	6505911	113006002	3.16	16.04	15.55	15.1	15.16	15.72
20160218,四	17.5	18.12	16.6	16.85	6319074	110224087	3.07	16.45	15.7	15.23	15.12	15.77
20160219,五	16.8	17.74	16.78	17.2	6537214	113007801	3.17	16.96	15.87	15.4	15.09	15.82
20160222,一	17.4	18.3	17.0	18.15	8680036	153563360	4.21	17.36	16.2	15.59	15.15	15.89
20160223,二	18.07	19.8	17.78	19.73	8284554	154277290	4.02	17.86	16.68	15.83	15.31	15.97
20160224,三	19.47	21.7	19.3	20.75	11920047	248621050	5.78	18.54	17.29	16.13	15.48	16.05
20160225,四	20.75	20.75	19.43	19.86	8830941	177185360	4.28	19.14	17.8	16.39	15.68	16.12
20160226,五	20.2	21.85	19.51	21.85	12928007	266484480	6.27	20.07	18.51	16.76	15.93	16.21
20160229,一	22.0	22.72	20.0	21.31	11627462	252826720	5.64	20.7	19.03	17.06	16.18	16.29
20160301,二	21.0	22.5	20.6	20.91	9183800	199497330	4.45	20.94	19.4	17.38	16.41	16.34
20160302,三	21.06	22.72	20.5	22.5	10015631	213238620	4.86	21.29	19.91	17.73	16.7	16.44
20160303,四	22.25	23.48	21.7	22.5	9082256	204982530	4.41	21.81	20.48	18.09	16.98	16.56
20160304,五	22.9	24.75	22.71	24.75	12027350	289824320	5.83	22.39	21.23	18.55	17.34	16.7
20160307,一	25.0	25.45	23.7	24.75	14369322	349306750	6.97	23.08	21.89	19.04	17.69	16.84
20160308,二	24.68	24.68	22.3	23.6	12565656	290176270	6.1	23.62	22.28	19.48	17.98	16.95
20160309,三	22.61	22.73	21.38	21.5	12125500	267212590	5.88	23.42	22.35	19.82	18.21	17.02
20160310,四	21.61	22.68	21.1	22.0	8197403	180185400	3.98	23.32	22.57	20.18	18.45	17.1
20160311,五	21.65	22.49	20.7	21.75	6182761	134337310	3.0	22.72	22.56	20.54	18.69	17.18
20160314,一	21.0	23.2	20.9	21.93	11622687	254926880	5.64	22.16	22.62	20.82	18.91	17.27
20160315,二	21.51	21.8	20.15	20.43	10224032	212434710	4.96	21.52	22.57	20.98	19.11	17.35
20160316,三	20.61	20.8	19.6	20.73	8219949	166726830	3.99	21.37	22.39	21.15	19.29	17.42
20160317,四	20.77	21.8	20.5	21.68	8695298	186139970	4.22	21.3	22.31	21.39	19.49	17.51
20160318,五	21.68	22.6	21.0	22.5	10611073	231183210	5.15	21.45	22.09	21.66	19.73	17.61
20160321,一	22.54	23.32	22.1	22.59	11502486	259738680	5.58	21.59	21.87	21.88	19.99	17.72
20160322,二	22.38	24.41	22.06	23.6	10553779	248447550	5.12	22.22	21.87	22.07	20.27	17.84
20160323,三	23.38	23.84	23.0	23.53	5630018	131772277	2.73	22.78	22.07	22.21	20.57	17.96
20160324,四	24.0	25.23	23.49	24.11	9356313	228825840	4.54	23.27	22.29	22.43	20.88	18.09
20160325,五	24.03	26.52	23.51	26.52	9729192	250254340	4.72	24.07	22.76	22.66	21.28	18.25
20160328,一	27.15	27.95	25.55	25.82	12442935	333100150	6.04	24.72	23.15	22.89	21.6	18.4
20160329,二	25.54	25.54	24.0	24.75	7347289	182073530	3.56	24.95	23.58	23.08	21.85	18.52
20160330,三	25.0	27.23	24.8	27.23	9927851	261270650	4.82	25.69	24.23	23.31	22.18	18.67
20160331,四	27.1	29.73	26.9	29.0	12613662	357651490	6.12	26.66	24.96	23.64	22.58	18.85
20160401,五	28.57	28.7	27.5	28.17	7960801	223514550	3.86	26.99	25.53	23.81	22.95	19.02
20160405,二	28.6	28.9	27.3	28.86	7724842	217188570	3.75	27.6	26.16	24.02	23.31	19.23
20160406,三	28.79	29.47	27.6	28.7	10479920	298538920	5.08	28.39	26.67	24.27	23.61	19.46
20160407,四	28.28	28.7	27.31	27.48	6888458	190878650	3.34	28.44	27.06	24.57	23.83	19.66
20160408,五	26.59	27.11	25.61	26.38	7494123	196609030	3.64	27.92	27.29	24.79	24.05	19.86
20160411,一	26.72	27.6	25.99	26.35	8236563	221198820	4.0	27.55	27.27	25.02	24.2	20.06
20160412,二	26.5	27.0	25.3	27.0	8313774	216326210	4.03	27.18	27.39	25.27	24.39	20.28
20160413,三	26.85	27.46	26.66	26.86	6706872	181293390	3.25	26.81	27.6	25.59	24.59	20.5
20160414,四	26.86	27.31	26.53	26.95	3961014	106373955	1.92	26.71	27.58	25.9	24.73	20.72
20160415,五	26.8	27.27	26.1	27.05	6728968	179789140	3.26	26.84	27.38	26.17	24.89	20.93
20160418,一	27.6	29.49	27.28	28.99	11192995	320301890	5.43	27.37	27.46	26.5	25.03	21.18
20160419,二	28.5	30.0	27.9	28.6	8876495	256049400	4.31	27.69	27.44	26.8	25.16	21.42
20160420,三	28.22	29.2	26.0	26.37	9426882	258246970	4.57	27.59	27.2	26.94	25.25	21.61
20160421,四	26.01	26.68	25.8	26.56	5093023	133990014	2.47	27.51	27.11	27.09	25.42	21.81
20160422,五	26.05	27.5	26.05	26.93	3655103	98513854	1.77	27.49	27.17	27.23	25.58	22.02
20160425,一	26.88	26.89	25.97	26.15	2338500	61383152	1.13	26.92	27.15	27.21	25.73	22.21
20160426,二	26.09	26.29	24.69	25.39	4877751	122864454	2.37	26.28	26.98	27.19	25.84	22.38
20160427,三	25.1	25.74	24.8	24.9	3769431	94554773	1.83	25.99	26.79	27.2	25.99	22.55
20160428,四	24.98	26.09	24.56	25.52	5083166	129634151	2.47	25.78	26.65	27.11	26.15	22.72
20160429,五	25.2	27.5	24.96	26.91	5204508	136560420	2.52	25.77	26.63	27.01	26.33	22.91
20160503,二	27.29	28.53	26.5	28.02	4501008	125517963	2.18	26.15	26.53	27.0	26.51	23.12
20160504,三	27.66	28.78	27.46	27.48	5051149	142436320	2.45	26.57	26.42	26.93	26.67	23.33
20160505,四	27.6	28.89	27.2	28.29	3493854	98645980	1.69	27.24	26.62	26.91	26.83	23.55
