时间		开盘		最高		最低		收盘		涨幅		振幅		总手		金额		换手%		成交次数		
2012-02-06,一	14.06		14.31		13.85		14.18		+0.35%		3.26%		6,467,588	94,517,378	10.10		5170		
2012-02-07,二	13.99		14.05		13.70		13.83		-2.47%		2.47%		4,360,320	62,672,813	6.81		3713		
2012-02-08,三	13.85		14.08		13.65		14.01		+1.30%		3.07%		4,356,390	62,663,465	6.80		3862		
2012-02-09,四	13.95		14.19		13.83		14.00		-0.07%		2.61%		4,867,540	70,803,556	7.60		3812		
2012-02-10,五	13.99		14.19		13.89		14.16		+1.14%		2.11%		5,940,088	86,500,777	9.28		4485		
2012-02-13,一	14.09		14.44		13.96		14.25		+0.64%		3.43%		6,238,254	91,836,647	9.74		4513		
2012-02-14,二	14.20		14.45		14.06		14.15		-0.70%		2.74%		5,006,426	73,683,511	7.82		3987		
2012-02-15,三	14.13		14.20		13.94		14.11		-0.28%		1.87%		4,084,904	59,552,574	6.38		3153		
2012-02-16,四	14.11		14.29		14.01		14.21		+0.71%		1.99%		3,973,624	58,295,063	6.21		3219		
2012-02-17,五	14.17		14.40		13.97		14.07		-0.99%		3.06%		4,048,638	59,190,473	6.32		3111		
2012-02-20,一	14.17		14.28		14.04		14.07		+0.00%		1.67%		2,939,880	43,028,819	4.59		2509		
2012-02-21,二	14.07		14.14		13.86		14.08		+0.07%		2.03%		3,332,294	48,284,996	5.20		2821		
2012-02-22,三	14.07		14.65		14.03		14.52		+3.13%		4.37%		8,088,924	120,409,751	12.63		6439		
2012-02-23,四	14.47		14.69		14.30		14.50		-0.14%		2.65%		4,973,698	74,576,092	7.77		4016		
2012-02-24,五	14.60		15.18		14.47		14.96		+3.17%		4.93%		7,837,596	119,816,316	12.24		6218		
2012-02-27,一	15.10		15.96		14.85		15.12		+1.07%		7.42%		6,788,906	107,413,603	10.60		5509		
2012-02-28,二	15.12		15.43		14.67		15.18		+0.40%		5.06%		4,941,028	77,160,781	7.72		4493		
2012-02-29,三	15.18		15.34		14.74		14.74		-2.90%		3.99%		4,004,154	61,778,856	6.25		3749		
2012-03-01,四	14.73		14.93		14.66		14.77		+0.20%		1.83%		2,226,016	34,052,494	3.48		2002		
2012-03-02,五	14.77		14.98		14.77		14.97		+1.35%		1.39%		2,543,316	39,171,181	3.97		2201		
2012-03-05,一	15.00		15.15		14.97		15.03		+0.40%		1.20%		3,353,826	52,178,149	5.24		2672		
2012-03-06,二	15.03		15.03		14.48		14.54		-3.26%		3.63%		3,633,302	55,039,403	5.67		3318		
2012-03-07,三	14.44		14.77		14.28		14.39		-1.03%		3.37%		2,917,536	43,962,694	4.56		2573		
2012-03-08,四	14.37		14.71		14.37		14.61		+1.53%		2.36%		2,113,576	31,968,179	3.30		1934		
2012-03-09,五	14.76		15.13		14.61		15.01		+2.74%		3.56%		3,802,016	58,784,666	5.94		3292		
2012-03-12,一	15.05		15.25		14.84		15.08		+0.47%		2.73%		3,252,912	50,564,680	5.08		2605		
2012-03-13,二	15.00		15.24		14.85		15.23		+0.99%		2.59%		3,526,306	54,909,746	5.51		2709		
2012-03-14,三	15.23		15.89		14.90		14.96		-1.77%		6.50%		8,743,940	139,649,160	13.66		6972		
2012-03-15,四	14.91		15.25		14.61		14.96		+0.00%		4.28%		4,776,728	73,551,577	7.46		3456		
2012-03-16,五	15.00		15.84		15.00		15.81		+5.68%		5.58%		7,416,210	118,706,871	11.58		6314		
2012-03-19,一	15.87		17.44		15.87		17.44		+10.31%		9.96%		12,957,420	222,043,590	20.24		9304		
2012-03-20,二	17.90		17.92		17.08		17.09		-2.01%		4.82%		15,838,648	285,766,250	24.74		12141		
2012-03-21,三	17.18		17.30		16.20		16.66		-2.52%		6.44%		8,508,126	145,691,350	13.29		7543		
2012-03-22,四	16.51		17.01		16.05		16.85		+1.14%		5.76%		7,681,494	131,051,145	12.00		6572		
2012-03-23,五	16.70		16.70		16.13		16.21		-3.80%		3.41%		4,263,172	71,913,749	6.66		4247		
2012-03-26,一	16.03		16.50		15.88		16.23		+0.12%		3.86%		3,559,422	59,283,821	5.56		3022		
2012-03-27,二	16.26		16.75		16.26		16.37		+0.86%		2.99%		4,155,232	70,665,284	6.49		3745		
2012-03-28,三	16.29		16.29		15.23		15.39		-5.99%		6.51%		5,060,586	81,675,535	7.90		4157		
2012-03-29,四	15.15		15.25		14.74		14.80		-3.83%		3.31%		3,736,956	57,622,598	5.84		3041		
2012-03-30,五	14.79		15.05		14.35		14.50		-2.03%		4.73%		3,377,134	51,021,545	5.27		2655		
2012-04-05,四	14.61		15.08		14.45		15.00		+3.45%		4.34%		4,091,622	62,893,713	6.39		3105		
2012-04-06,五	14.99		15.14		14.80		14.98		-0.13%		2.27%		3,432,516	53,058,241	5.36		2595		
2012-04-09,一	14.96		14.96		14.55		14.57		-2.74%		2.74%		2,283,572	34,778,590	3.57		1905		
2012-04-10,二	14.45		14.95		14.41		14.90		+2.26%		3.71%		3,117,904	47,499,844	4.87		2841		
2012-04-11,三	14.76		14.88		14.56		14.63		-1.81%		2.11%		3,380,018	51,448,039	5.28		2842		
2012-04-12,四	14.63		15.20		14.55		15.17		+3.69%		4.44%		5,692,822	87,479,499	8.89		5124		
2012-04-13,五	15.13		15.24		14.95		15.16		-0.07%		1.88%		4,498,380	70,110,292	7.03		3811		
2012-04-16,一	14.42		14.42		13.59		13.90		-8.31%		5.48%		9,166,874	132,064,381	14.32		7151		
2012-04-17,二	13.82		14.02		13.69		13.73		-1.22%		2.37%		4,039,498	57,768,234	6.31		3438		
2012-04-18,三	13.78		14.08		13.78		14.02		+2.11%		2.19%		4,060,502	58,827,834	6.34		3147		
2012-04-19,四	14.01		14.01		13.50		13.50		-3.71%		3.64%		5,889,642	83,638,733	9.20		4964		
2012-04-20,五	13.40		13.80		13.30		13.71		+1.56%		3.70%		3,647,102	51,476,024	5.70		3418		
2012-04-24,二	13.35		13.35		12.50		12.86		-6.20%		6.20%		4,935,914	66,388,124	7.71		4652		
2012-04-25,三	12.83		12.83		12.54		12.69		-1.32%		2.26%		3,318,008	43,625,990	5.18		2586		
2012-04-26,四	12.60		12.76		12.51		12.61		-0.63%		1.93%		2,973,394	38,878,974	4.64		2434		
2012-04-27,五	12.69		12.97		12.65		12.86		+1.98%		2.50%		3,434,262	45,861,394	5.36		3161		
2012-05-02,三	13.34		13.34		12.87		13.00		+1.09%		3.70%		3,397,396	45,975,204	5.31		2579		
2012-05-03,四	13.00		13.18		12.76		13.11		+0.85%		3.19%		2,784,386	37,549,200	4.35		2486		
2012-05-04,五	13.08		13.47		13.01		13.42		+2.36%		3.47%		3,720,652	51,227,225	5.81		3104		
2012-05-07,一	13.26		13.99		13.26		13.95		+3.95%		5.44%		5,723,958	81,571,108	8.94		4730		
2012-05-08,二	13.83		14.05		13.75		13.80		-1.08%		2.15%		3,908,282	56,194,919	6.10		2682		
2012-05-09,三	13.75		13.75		13.25		13.35		-3.26%		3.62%		2,099,056	29,277,246	3.28		2062		
2012-05-10,四	13.32		13.83		13.26		13.54		+1.42%		4.27%		2,042,052	28,817,254	3.19		1719		
2012-05-11,五	13.59		13.68		13.38		13.55		+0.07%		2.25%		1,564,074	21,878,816	2.44		1481		
2012-05-14,一	13.69		13.73		13.50		13.52		-0.22%		1.70%		1,603,726	22,612,864	2.50		1265		
2012-05-15,二	13.42		13.46		13.18		13.46		-0.44%		2.11%		1,600,640	22,036,516	2.50		1345		
2012-05-16,三	13.37		13.40		13.06		13.10		-2.67%		2.53%		1,310,658	17,970,649	2.05		1333		
2012-05-17,四	13.00		13.19		12.90		13.10		+0.00%		2.21%		1,624,636	22,012,344	2.54		1283		
2012-05-18,五	13.00		13.00		12.77		12.81		-2.21%		1.79%		1,276,394	17,055,313	1.99		1180		
2012-05-21,一	12.78		13.19		12.72		13.16		+2.73%		3.67%		1,972,690	26,749,020	3.08		1604		
2012-05-22,二	13.12		13.25		13.06		13.16		+0.00%		1.44%		1,308,966	17,870,333	2.04		898		
2012-05-23,三	13.25		13.72		13.17		13.45		+2.20%		4.22%		2,554,470	35,770,081	3.99		2225		
2012-05-24,四	13.45		13.56		13.29		13.33		-0.89%		2.04%		1,382,782	19,265,968	2.16		1137		
2012-05-25,五	13.43		13.43		13.00		13.09		-1.80%		3.19%		1,261,350	17,241,840	1.97		1270		
2012-05-28,一	12.98		13.22		12.88		13.20		+0.84%		2.56%		931,764		12,646,398	1.46		763		
2012-05-29,二	13.25		13.35		13.11		13.33		+0.98%		1.86%		1,291,630	17,752,633	2.02		1156		
2012-05-30,三	13.34		13.44		13.23		13.30		-0.23%		1.58%		1,390,216	19,212,841	2.17		1012		
2012-05-31,四	13.23		13.41		13.06		13.28		-0.15%		2.67%		1,746,970	23,934,489	2.73		1262		
2012-06-01,五	13.35		13.40		13.26		13.35		+0.53%		1.05%		1,077,268	14,889,356	1.68		984		
2012-06-04,一	13.30		13.70		13.15		13.49		+1.05%		4.08%		3,473,114	48,675,169	5.42		3144		
2012-06-05,二	13.59		13.61		13.36		13.46		-0.22%		1.89%		1,719,464	23,993,632	2.69		1521		
2012-06-06,三	13.46		13.50		12.81		12.89		-4.23%		5.09%		2,984,642	40,451,057	4.66		2388		
2012-06-07,四	13.09		13.10		12.59		12.77		-0.93%		3.96%		2,413,324	32,037,475	3.77		1844		
2012-06-08,五	12.85		12.85		12.65		12.83		+0.47%		1.57%		1,039,324	13,756,683	1.62		964		
2012-06-11,一	13.05		13.88		13.03		13.71		+6.86%		6.63%		7,293,168	102,769,713	11.39		5684		
2012-06-12,二	13.60		13.77		13.45		13.73		+0.15%		2.33%		2,625,584	37,130,391	4.10		2529		
2012-06-13,三	13.59		13.78		13.55		13.76		+0.22%		1.68%		2,865,102	40,689,503	4.47		2456		
2012-06-14,四	13.75		14.33		13.70		14.15		+2.83%		4.54%		6,772,696	99,070,767	10.58		5575		
2012-06-15,五	14.16		14.45		13.85		14.00		-1.06%		4.24%		5,681,810	82,697,376	8.87		5055		
2012-06-18,一	13.87		13.88		13.16		13.33		-4.79%		5.14%		3,770,893	50,594,210	2.94		4131		
2012-06-19,二	13.33		13.74		13.24		13.62		+2.18%		3.75%		3,829,585	51,687,247	2.99		3388		
2012-06-20,三	13.78		14.13		13.66		14.07		+3.30%		3.45%		5,692,198	79,406,917	4.45		5008		
2012-06-21,四	13.94		13.94		13.40		13.54		-3.77%		3.84%		2,694,857	36,654,120	2.10		2897		
2012-06-25,一	13.31		13.32		12.19		12.19		-9.97%		8.35%		3,220,549	40,675,066	2.51		3744		
2012-06-26,二	12.21		12.33		11.29		11.71		-3.94%		8.53%		2,527,320	29,495,347	1.97		2550		
2012-06-27,三	11.67		11.71		11.31		11.41		-2.56%		3.42%		2,291,213	26,260,210	1.79		2139		
2012-06-28,四	11.47		11.57		11.01		11.02		-3.42%		4.91%		1,892,238	21,327,640	1.48		2001		
2012-06-29,五	11.00		11.20		10.52		11.20		+1.63%		6.17%		2,044,554	22,311,534	1.60		2308		
2012-07-02,一	11.20		11.59		11.10		11.49		+2.59%		4.38%		1,836,047	20,993,965	1.43		1657		
2012-07-03,二	11.47		11.54		11.30		11.46		-0.26%		2.09%		1,454,637	16,626,464	1.14		1419		
2012-07-04,三	11.45		11.55		11.24		11.28		-1.57%		2.71%		1,069,514	12,185,473	0.835		1148		
2012-07-06,五	11.28		11.32		10.54		11.28		+0.00%		6.91%		2,536,668	27,699,118	1.98		2526		
2012-07-09,一	11.16		11.30		10.80		10.88		-3.55%		4.43%		1,449,366	16,039,192	1.13		1513		
2012-07-10,二	10.88		11.00		10.60		10.65		-2.11%		3.68%		979,377		10,569,569	0.765		1064		
2012-07-11,三	10.00		10.40		9.92		10.07		-5.45%		4.51%		2,626,288	26,586,327	2.05		2329		
2012-07-12,四	9.99		10.64		9.96		10.47		+3.97%		6.75%		2,814,979	29,282,359	2.20		2599		
2012-07-13,五	10.46		11.30		10.42		10.92		+4.30%		8.40%		2,577,310	28,322,210	2.01		2428		
2012-07-16,一	10.90		11.19		10.65		10.86		-0.55%		4.95%		1,673,041	18,276,366	1.31		1599		
2012-07-17,二	10.98		10.98		10.70		10.75		-1.01%		2.58%		852,093		9,205,350	0.665		857		
2012-07-18,三	10.63		11.32		10.63		11.31		+5.21%		6.42%		2,161,943	23,979,921	1.69		1956		
2012-07-19,四	11.18		11.44		11.15		11.21		-0.88%		2.56%		1,473,384	16,608,130	1.15		1550		
2012-07-20,五	11.21		11.26		10.98		11.03		-1.61%		2.50%		839,338		9,292,061	0.655		928		
2012-07-23,一	10.95		11.19		10.87		11.03		+0.00%		2.90%		577,922		6,377,429	0.451		682		
2012-07-24,二	11.00		11.16		10.90		11.08		+0.45%		2.36%		949,000		10,504,771	0.741		2127		
2012-07-25,三	11.08		11.25		11.00		11.03		-0.45%		2.26%		801,865		8,924,596	0.626		758		
2012-07-26,四	11.06		11.17		10.72		10.75		-2.54%		4.08%		1,009,606	10,941,806	0.788		976		
2012-07-27,五	10.89		10.89		10.58		10.60		-1.40%		2.88%		475,141		5,074,190	0.371		508		
2012-07-30,一	10.60		10.80		10.18		10.36		-2.26%		5.85%		570,295		5,950,801	0.445		664		
2012-07-31,二	10.38		10.38		9.99		10.03		-3.19%		3.76%		904,344		9,097,255	0.706		913		
2012-08-01,三	9.92		10.21		9.92		10.10		+0.70%		2.89%		587,305		5,941,180	0.459		474		
2012-08-02,四	10.08		10.21		10.01		10.06		-0.40%		1.98%		600,443		6,056,587	0.469		492		
2012-08-03,五	10.17		10.35		10.05		10.32		+2.58%		2.98%		639,612		6,538,722	0.499		750		
2012-08-06,一	10.30		10.50		10.30		10.44		+1.16%		1.94%		925,694		9,641,090	0.723		677		
2012-08-07,二	10.45		11.02		10.29		11.00		+5.36%		6.99%		1,848,095	19,882,161	1.44		1827		
2012-08-08,三	10.98		11.00		10.70		10.99		-0.09%		2.73%		1,232,266	13,375,698	0.962		1173		
2012-08-09,四	10.86		11.04		10.78		10.96		-0.27%		2.37%		1,244,426	13,600,367	0.972		1075		
2012-08-10,五	11.00		11.15		10.86		10.91		-0.46%		2.65%		1,866,589	20,522,330	1.46		1818		
2012-08-13,一	10.73		11.04		10.68		10.70		-1.92%		3.30%		1,203,601	12,987,051	0.940		1148		
2012-08-14,二	10.70		10.85		10.05		10.84		+1.31%		7.48%		1,134,047	11,999,367	0.886		1769		
2012-08-15,三	10.70		10.73		10.34		10.39		-4.15%		3.60%		1,360,372	14,226,792	1.06		1093		
2012-08-16,四	10.38		10.54		10.15		10.25		-1.35%		3.75%		492,276		5,093,370	0.384		534		
2012-08-17,五	10.15		10.19		9.96		10.13		-1.17%		2.24%		1,245,569	12,509,002	0.973		1019		
2012-08-20,一	10.13		10.32		9.97		10.30		+1.68%		3.46%		773,308		7,854,028	0.604		702		
2012-08-21,二	10.30		10.39		10.14		10.37		+0.68%		2.43%		747,381		7,701,013	0.584		707		
2012-08-22,三	10.40		10.42		10.23		10.28		-0.87%		1.83%		718,357		7,388,795	0.561		602		
2012-08-23,四	10.22		10.38		10.20		10.27		-0.10%		1.75%		629,479		6,461,543	0.492		566		
2012-08-24,五	10.27		10.33		9.80		9.86		-3.99%		5.16%		1,574,666	15,675,266	1.23		1176		
2012-08-27,一	9.86		9.86		9.22		9.24		-6.29%		6.49%		1,064,933	10,098,127	0.832		1134		
2012-08-28,二	9.27		9.49		9.22		9.39		+1.62%		2.92%		680,241		6,382,126	0.531		836		
2012-08-29,三	9.40		9.48		9.08		9.23		-1.70%		4.26%		769,706		7,145,939	0.601		784		
2012-08-30,四	9.10		9.24		8.35		8.53		-7.58%		9.64%		1,829,898	15,826,496	1.43		2182		
2012-08-31,五	8.50		8.90		8.41		8.64		+1.29%		5.74%		1,937,625	16,773,649	1.51		2662		
2012-09-03,一	8.64		9.50		8.64		9.50		+9.95%		9.95%		1,574,176	14,802,910	1.23		825		
2012-09-04,二	10.00		10.45		9.85		10.21		+7.47%		6.32%		10,556,859	108,007,712	8.24		8189		
2012-09-05,三	10.10		10.38		9.99		10.12		-0.88%		3.82%		5,890,858	59,950,975	4.60		4936		
2012-09-06,四	10.17		10.20		9.80		9.92		-1.98%		3.95%		2,876,213	28,610,292	2.25		3060		
2012-09-07,五	9.99		10.43		9.92		10.29		+3.73%		5.14%		5,663,300	57,854,870	4.42		3793		
2012-09-10,一	10.20		10.35		10.10		10.32		+0.29%		2.43%		3,431,717	35,065,126	2.68		2658		
2012-09-11,二	10.21		10.95		10.21		10.72		+3.88%		7.17%		6,413,435	68,880,287	5.01		5254		
2012-09-12,三	10.60		10.95		10.51		10.74		+0.19%		4.10%		3,269,206	34,935,250	2.55		2875		
2012-09-13,四	10.70		11.51		10.60		10.95		+1.96%		8.47%		5,814,791	64,644,490	4.54		5146		
2012-09-14,五	11.20		11.25		10.67		10.77		-1.64%		5.30%		3,073,587	33,281,998	2.40		2574		
2012-09-17,一	10.82		10.85		10.20		10.24		-4.92%		6.04%		2,194,637	23,024,620	1.71		1993		
2012-09-18,二	10.10		10.47		10.04		10.30		+0.59%		4.20%		1,075,126	11,093,116	0.840		1018		
2012-09-19,三	10.45		10.45		10.19		10.30		+0.00%		2.52%		888,938		9,155,050	0.694		871		
2012-09-20,四	10.31		10.31		9.82		9.83		-4.56%		4.76%		1,846,488	18,476,993	1.44		1523		
2012-09-21,五	9.84		9.99		9.60		9.70		-1.32%		3.97%		1,149,757	11,215,498	0.898		932		
2012-09-24,一	9.61		10.00		9.42		9.97		+2.78%		5.98%		1,158,888	11,368,915	0.905		933		
2012-09-25,二	9.90		10.10		9.80		9.95		-0.20%		3.01%		850,033		8,483,488	0.664		755		
2012-09-26,三	9.90		10.18		9.44		9.46		-4.92%		7.44%		1,495,938	14,667,460	1.17		1200		
2012-09-27,四	9.46		9.70		9.26		9.56		+1.06%		4.65%		1,151,683	10,962,874	0.899		965		
2012-09-28,五	9.53		9.70		9.46		9.69		+1.36%		2.51%		708,495		6,826,447	0.553		688		
2012-10-08,一	9.60		10.09		9.60		9.99		+3.10%		5.06%		1,401,341	13,986,994	1.09		1170		
2012-10-09,二	9.90		10.19		9.89		10.18		+1.90%		3.00%		1,310,737	13,186,390	1.02		1120		
2012-10-10,三	10.10		10.25		10.04		10.22		+0.39%		2.06%		1,507,445	15,285,764	1.18		1202		
2012-10-11,四	10.22		10.23		9.92		9.95		-2.64%		3.03%		949,318		9,571,997	0.741		842		
2012-10-12,五	9.90		10.04		9.50		9.93		-0.20%		5.43%		1,457,438	14,191,758	1.14		1233		
2012-10-15,一	9.81		9.95		9.60		9.92		-0.10%		3.52%		806,371		7,901,499	0.630		607		
2012-10-16,二	9.93		10.16		9.80		9.94		+0.20%		3.63%		1,161,989	11,596,967	0.907		769		
2012-10-17,三	9.85		10.03		9.69		9.81		-1.31%		3.42%		961,393		9,421,290	0.751		722		
2012-10-18,四	9.81		9.98		9.78		9.87		+0.61%		2.04%		796,947		7,900,844	0.622		589		
2012-10-19,五	9.87		9.94		9.71		9.72		-1.52%		2.33%		844,861		8,287,070	0.660		694		
2012-10-22,一	9.55		9.75		9.46		9.55		-1.75%		2.98%		963,919		9,219,930	0.753		759		
2012-10-23,二	9.55		9.79		9.55		9.58		+0.31%		2.51%		729,601		7,033,268	0.570		619		
2012-10-24,三	9.57		9.72		9.51		9.65		+0.73%		2.19%		918,104		8,854,485	0.717		597		
2012-10-25,四	9.60		9.70		9.53		9.68		+0.31%		1.76%		641,804		6,183,816	0.501		569		
2012-10-26,五	9.77		9.79		9.50		9.50		-1.86%		3.00%		705,480		6,777,729	0.551		580		
2012-10-29,一	9.63		9.63		9.24		9.35		-1.58%		4.11%		494,105		4,659,375	0.386		391		
2012-10-30,二	9.51		9.51		9.35		9.40		+0.53%		1.71%		479,807		4,508,308	0.375		348		
2012-10-31,三	9.42		10.34		9.42		10.08		+7.23%		9.79%		4,282,235	43,524,835	3.34		3395		
2012-11-01,四	9.87		10.11		9.80		10.09		+0.10%		3.08%		2,736,379	27,337,530	2.14		2082		
2012-11-02,五	10.04		10.10		9.86		9.96		-1.29%		2.38%		1,593,465	15,871,941	1.24		1112		
2012-11-05,一	10.10		10.10		9.87		9.96		+0.00%		2.31%		871,247		8,680,431	0.680		678		
2012-11-06,二	9.90		10.54		9.80		10.36		+4.02%		7.43%		3,218,921	32,996,530	2.51		2825		
2012-11-07,三	10.37		10.39		10.16		10.27		-0.87%		2.22%		1,501,797	15,439,584	1.17		1222		
2012-11-08,四	10.25		10.25		9.90		9.94		-3.21%		3.41%		1,430,808	14,355,047	1.12		1043		
2012-11-09,五	9.89		10.49		9.86		10.15		+2.11%		6.34%		1,738,871	17,864,207	1.36		1625		
2012-11-12,一	10.01		10.15		9.51		9.61		-5.32%		6.31%		2,152,829	21,213,115	1.68		1835		
2012-11-13,二	9.60		9.60		9.05		9.56		-0.52%		5.72%		2,265,165	21,026,997	1.77		1665		
2012-11-14,三	9.48		9.58		9.41		9.55		-0.10%		1.78%		818,092		7,762,500	0.639		727		
2012-11-15,四	9.68		9.68		8.60		8.79		-7.96%		11.31%		5,851,441	52,160,008	2.72		2634		
2012-11-16,五	8.50		8.70		8.29		8.48		-3.53%		4.66%		1,660,800	14,134,950	0.772		1129		
2012-11-19,一	8.46		8.54		8.20		8.31		-2.00%		4.01%		1,242,390	10,338,416	0.578		892		
2012-11-20,二	8.32		8.45		8.25		8.27		-0.48%		2.41%		1,460,451	12,166,820	0.679		873		
2012-11-21,三	8.20		8.36		8.08		8.30		+0.36%		3.39%		1,964,149	16,086,670	0.913		1272		
2012-11-22,四	8.28		9.07		8.22		8.49		+2.29%		10.24%		3,180,970	27,489,647	1.48		2422		
2012-11-23,五	8.38		8.64		8.38		8.59		+1.18%		3.06%		1,221,067	10,441,890	0.568		1101		
2012-11-26,一	8.59		8.63		8.41		8.45		-1.63%		2.56%		1,574,464	13,391,844	0.732		865		
2012-11-27,二	8.45		8.45		8.10		8.25		-2.37%		4.14%		1,193,943	9,821,759	0.555		850		
2012-11-28,三	8.27		8.90		8.05		8.44		+2.30%		10.30%		1,832,264	15,592,528	0.852		1394		
2012-11-29,四	8.44		8.79		8.33		8.54		+1.18%		5.45%		2,119,568	18,155,774	0.985		1272		
2012-11-30,五	8.40		8.85		8.39		8.80		+3.04%		5.39%		2,410,555	21,055,279	1.12		1712		
2012-12-03,一	8.80		8.87		8.53		8.55		-2.84%		3.86%		1,610,773	13,968,661	0.749		999		
2012-12-04,二	8.38		8.57		8.19		8.52		-0.35%		4.44%		1,000,952	8,351,979	0.465		867		
2012-12-05,三	8.53		8.85		8.42		8.79		+3.17%		5.05%		1,948,209	16,957,738	0.906		1218		
2012-12-06,四	8.79		9.25		8.69		9.07		+3.19%		6.37%		2,671,027	23,990,796	1.24		1811		
2012-12-07,五	9.09		9.95		8.96		9.68		+6.73%		10.92%		5,779,648	55,432,021	2.69		3172		
2012-12-10,一	9.90		10.10		9.60		9.85		+1.76%		5.17%		4,234,879	41,628,706	1.97		2476		
2012-12-11,二	9.85		10.12		9.65		9.66		-1.93%		4.77%		4,238,037	41,874,798	1.97		2135		
2012-12-12,三	9.70		9.83		9.40		9.44		-2.28%		4.45%		2,603,482	24,788,774	1.21		1489		
2012-12-13,四	9.53		9.78		9.40		9.47		+0.32%		4.03%		3,452,552	33,042,568	1.61		1622		
2012-12-14,五	9.50		9.92		9.50		9.85		+4.01%		4.44%		6,009,296	58,937,800	2.79		2655		
2012-12-17,一	9.91		10.10		9.76		10.02		+1.73%		3.45%		4,492,791	44,707,549	2.09		2210		
2012-12-18,二	9.91		10.20		9.78		9.98		-0.40%		4.19%		4,925,030	49,273,506	2.29		2464		
2012-12-19,三	9.92		9.92		9.56		9.82		-1.60%		3.61%		3,278,942	31,942,341	1.52		1799		
2012-12-20,四	9.68		9.81		9.42		9.70		-1.22%		3.97%		3,758,031	36,035,077	1.75		1894		
2012-12-21,五	9.75		10.02		9.70		9.75		+0.52%		3.30%		2,799,835	27,566,391	1.30		1840		
2012-12-24,一	9.61		9.83		9.58		9.68		-0.72%		2.56%		1,399,607	13,531,045	0.651		1075		
2012-12-25,二	9.61		9.86		9.41		9.70		+0.21%		4.65%		4,090,161	39,446,811	1.90		2485		
2012-12-26,三	9.61		9.94		9.54		9.90		+2.06%		4.12%		5,662,706	55,249,365	2.63		3087		
2012-12-27,四	9.90		10.21		9.76		10.01		+1.11%		4.55%		6,309,435	63,114,108	2.93		4235		
2012-12-28,五	9.94		10.15		9.91		9.93		-0.80%		2.40%		4,232,329	42,412,103	1.97		3058		
2012-12-31,一	9.84		9.94		9.50		9.60		-3.32%		4.43%		6,847,903	65,870,473	3.25		4274		
2013-01-04,五	9.62		9.67		9.42		9.56		-0.42%		2.60%		2,559,119	24,396,280	1.22		1858		
2013-01-07,一	9.52		9.64		9.46		9.64		+0.84%		1.88%		3,278,184	31,316,082	1.56		2071		
2013-01-08,二	9.60		9.60		9.43		9.56		-0.83%		1.76%		3,483,970	33,123,880	1.65		2111		
2013-01-09,三	9.55		10.09		9.48		10.04		+5.02%		6.38%		8,981,515	88,422,665	4.27		5777		
2013-01-10,四	10.09		10.56		10.01		10.11		+0.70%		5.48%		9,014,984	92,291,779	4.28		6169		
2013-01-11,五	10.16		10.25		9.86		9.87		-2.37%		3.86%		4,163,825	41,534,936	1.98		3409		
2013-01-14,一	9.87		10.16		9.53		10.09		+2.23%		6.38%		4,949,033	49,212,888	2.35		3135		
2013-01-15,二	9.80		10.51		9.71		10.50		+4.06%		7.93%		13,822,086	141,279,350	6.56		8091		
2013-01-16,三	10.45		10.90		10.27		10.84		+3.24%		6.00%		15,770,731	168,603,550	7.49		9215		
2013-01-17,四	10.81		10.89		10.50		10.61		-2.12%		3.60%		7,494,604	80,079,908	3.56		4287		
2013-01-18,五	10.52		10.94		10.52		10.72		+1.04%		3.96%		5,979,989	64,325,163	2.84		3648		
2013-01-21,一	10.71		10.75		10.46		10.55		-1.59%		2.71%		5,944,144	62,867,272	2.82		3144		
2013-01-22,二	10.53		10.53		10.17		10.39		-1.52%		3.41%		4,876,513	50,319,364	2.32		3433		
2013-01-23,三	10.38		10.38		10.12		10.28		-1.06%		2.50%		3,235,796	33,143,059	1.54		2102		
2013-01-24,四	10.26		10.30		10.02		10.11		-1.65%		2.72%		4,841,274	49,140,714	2.30		2537		
2013-01-25,五	10.08		10.30		9.90		10.12		+0.10%		3.96%		2,723,986	27,562,603	1.29		1814		
2013-01-28,一	10.12		10.49		10.11		10.17		+0.49%		3.75%		4,340,828	44,479,447	2.06		2699		
2013-01-29,二	10.17		10.36		9.90		10.00		-1.67%		4.52%		6,423,200	64,792,177	3.05		3427		
2013-01-30,三	10.06		10.30		9.99		10.07		+0.70%		3.10%		6,468,844	65,377,943	3.07		3548		
2013-01-31,四	10.13		11.07		10.07		10.99		+9.14%		9.93%		19,741,354	210,371,050	9.37		9724		
2013-02-01,五	11.26		11.96		11.05		11.33		+3.09%		8.28%		19,126,948	218,701,610	9.08		11152		
2013-02-04,一	11.21		11.53		10.76		11.02		-2.74%		6.80%		10,827,031	120,192,743	5.14		6414		
2013-02-05,二	10.96		11.94		10.76		11.90		+7.99%		10.71%		14,560,984	166,047,800	6.91		7149		
2013-02-06,三	11.80		12.18		11.59		11.82		-0.67%		4.96%		8,489,776	100,647,318	4.03		5683		
2013-02-07,四	11.78		11.95		11.55		11.91		+0.76%		3.38%		5,559,540	65,534,334	2.64		3219		
2013-02-08,五	11.89		12.38		11.83		12.23		+2.69%		4.62%		5,656,748	68,756,958	2.69		3973		
2013-02-18,一	12.22		13.05		11.93		12.05		-1.47%		9.16%		10,696,913	132,965,554	5.08		6506		
2013-02-19,二	11.88		12.00		11.01		11.50		-4.56%		8.22%		9,731,565	111,136,607	4.62		5696		
2013-02-20,三	11.35		11.57		11.20		11.57		+0.61%		3.22%		4,087,918	46,596,104	1.94		2550		
2013-02-21,四	11.47		11.74		11.32		11.44		-1.12%		3.63%		4,217,204	48,669,730	2.00		2549		
2013-02-22,五	11.58		11.72		11.37		11.49		+0.44%		3.06%		4,099,427	47,359,832	1.95		2074		
2013-02-25,一	11.40		11.48		10.90		11.06		-3.74%		5.05%		6,747,358	74,968,117	3.20		3995		
2013-02-26,二	11.09		11.28		10.96		11.02		-0.36%		2.89%		3,588,681	39,898,340	1.70		2372		
2013-02-27,三	10.96		11.15		10.96		11.07		+0.45%		1.72%		1,957,713	21,654,163	0.930		1181		
2013-02-28,四	11.10		11.15		10.76		11.10		+0.27%		3.52%		4,643,852	51,056,084	2.21		2973		
2013-03-01,五	11.10		11.16		10.96		11.13		+0.27%		1.80%		3,684,976	40,763,472	1.75		2360		
2013-03-04,一	11.15		11.35		10.06		10.30		-7.46%		11.59%		7,825,372	84,257,887	3.72		5138		
2013-03-05,二	10.41		10.80		10.41		10.78		+4.66%		3.79%		6,259,534	66,820,817	2.97		4583		
2013-03-06,三	10.70		10.70		10.45		10.69		-0.83%		2.32%		4,652,106	49,205,827	2.21		3161		
2013-03-07,四	10.69		10.70		10.31		10.48		-1.96%		3.65%		3,376,348	35,323,901	1.60		2730		
2013-03-08,五	10.48		10.57		10.32		10.38		-0.95%		2.39%		2,511,383	26,157,343	1.19		1599		
2013-03-11,一	10.38		10.44		10.13		10.32		-0.58%		2.99%		2,607,712	26,703,251	1.24		1838		
2013-03-12,二	10.32		10.45		9.71		9.86		-4.46%		7.17%		2,743,348	27,626,528	1.30		2234		
2013-03-13,三	9.81		9.91		9.36		9.42		-4.46%		5.58%		3,396,740	32,398,739	1.61		2434		
2013-03-14,四	9.42		9.58		9.42		9.50		+0.85%		1.70%		1,851,555	17,590,760	0.879		1162		
2013-03-15,五	9.47		9.55		9.15		9.26		-2.53%		4.21%		3,146,586	29,368,627	1.49		2031		
2013-03-18,一	9.20		9.34		9.13		9.30		+0.43%		2.27%		2,156,582	19,989,130	1.02		1282		
2013-03-19,二	9.39		9.58		9.34		9.47		+1.83%		2.58%		2,638,431	24,987,624	1.25		1857		
2013-03-20,三	9.49		9.75		9.42		9.69		+2.32%		3.48%		2,898,118	27,811,791	1.38		1865		
2013-03-21,四	9.75		9.81		9.55		9.63		-0.62%		2.68%		2,323,509	22,476,576	1.10		1690		
2013-03-22,五	9.64		9.73		9.55		9.58		-0.52%		1.87%		1,912,620	18,353,181	0.908		1198		
2013-03-25,一	9.58		9.58		9.34		9.38		-2.09%		2.51%		2,205,650	20,761,493	1.05		1765		
2013-03-26,二	9.37		9.37		9.13		9.28		-1.07%		2.56%		2,026,151	18,735,517	0.962		1521		
2013-03-27,三	9.28		9.38		9.21		9.36		+0.86%		1.83%		1,423,927	13,255,520	0.676		1052		
2013-03-28,四	9.36		9.36		9.11		9.17		-2.03%		2.67%		2,293,340	21,030,299	1.09		1316		
2013-03-29,五	9.12		9.18		8.49		8.55		-6.76%		7.52%		5,620,457	49,161,598	2.67		3159		
2013-04-01,一	8.54		8.59		8.32		8.55		+0.00%		3.16%		2,891,749	24,502,049	1.37		1697		
2013-04-02,二	8.51		9.09		8.51		8.99		+5.15%		6.78%		5,915,652	51,858,263	2.81		3386		
2013-04-03,三	9.00		9.00		8.64		8.65		-3.78%		4.00%		3,233,157	28,259,451	1.54		2212		
2013-04-08,一	8.00		8.00		7.79		7.83		-9.48%		2.43%		9,021,144	70,483,112	4.28		4311		
2013-04-09,二	7.74		8.32		7.70		8.29		+5.87%		7.92%		7,638,382	61,581,819	3.63		4923		
2013-04-10,三	8.18		8.43		8.12		8.39		+1.21%		3.74%		3,992,422	32,981,851	1.90		2854		
2013-04-11,四	8.36		8.50		8.27		8.34		-0.60%		2.74%		1,844,158	15,493,204	0.876		1217		
2013-04-12,五	8.34		8.34		8.02		8.16		-2.16%		3.84%		1,999,943	16,291,810	0.950		1368		
2013-04-15,一	8.03		8.03		7.34		7.49		-8.21%		8.46%		6,133,123	46,305,581	2.91		3280		
2013-04-16,二	7.39		7.85		7.29		7.81		+4.27%		7.48%		3,994,501	30,309,472	1.90		3130		
2013-04-17,三	7.77		8.30		7.69		8.10		+3.71%		7.81%		4,942,807	39,626,904	2.35		3619		
2013-04-18,四	8.00		8.51		7.93		8.40		+3.70%		7.16%		4,257,519	35,519,324	2.02		2678		
2013-04-19,五	8.32		8.62		8.32		8.50		+1.19%		3.57%		3,166,319	26,818,712	1.50		2259		
2013-04-22,一	8.47		8.48		8.19		8.30		-2.35%		3.41%		3,465,451	28,701,619	1.65		1921		
2013-04-23,二	8.31		8.34		8.14		8.22		-0.96%		2.41%		2,279,781	18,773,539	1.08		1410		
2013-04-24,三	8.22		8.31		8.16		8.21		-0.12%		1.82%		1,624,445	13,376,859	0.771		1553		
2013-04-25,四	8.21		8.70		8.14		8.47		+3.17%		6.82%		3,930,060	33,295,116	1.87		2636		
2013-04-26,五	8.48		9.30		8.34		9.03		+6.61%		11.33%		6,935,555	62,142,942	3.29		4574		
2013-05-02,四	9.02		9.93		9.00		9.93		+9.97%		10.30%		7,509,640	72,474,025	3.57		4384		
2013-05-03,五	10.11		10.40		9.94		10.19		+2.62%		4.63%		12,789,217	129,866,563	6.07		7632		
2013-05-06,一	10.15		10.52		10.02		10.22		+0.29%		4.91%		11,235,599	115,070,182	5.34		8682		
2013-05-07,二	10.20		10.34		9.92		10.00		-2.15%		4.11%		9,131,621	92,519,251	4.34		6123		
2013-05-08,三	10.06		10.13		9.77		9.92		-0.80%		3.60%		6,964,461	68,935,695	3.31		4559		
2013-05-09,四	9.98		10.18		9.83		10.14		+2.22%		3.53%		7,523,467	75,642,938	3.57		4039		
2013-05-10,五	10.05		10.12		9.61		10.05		-0.89%		5.03%		6,810,725	67,316,606	3.23		4603		
2013-05-13,一	10.11		10.75		9.98		10.36		+3.08%		7.66%		12,728,568	131,450,684	6.04		7689		
2013-05-14,二	10.38		10.61		10.17		10.51		+1.45%		4.25%		7,703,930	80,204,382	3.66		5676		
2013-05-15,三	10.50		10.58		10.15		10.38		-1.24%		4.09%		5,748,388	59,367,060	2.73		3845		
2013-05-16,四	10.37		10.37		10.04		10.18		-1.93%		3.18%		5,706,401	57,955,445	2.71		3667		
2013-05-17,五	10.30		10.62		10.28		10.41		+2.26%		3.34%		8,805,928	92,268,680	4.18		5351		
2013-05-20,一	10.42		10.83		10.41		10.49		+0.77%		4.03%		9,456,682	99,827,784	4.49		5400		
2013-05-21,二	10.50		10.58		10.13		10.58		+0.86%		4.29%		10,677,787	110,420,350	5.07		7459		
2013-05-22,三	10.58		10.68		10.17		10.27		-2.93%		4.82%		9,234,551	95,746,460	4.39		5410		
2013-05-23,四	10.19		10.38		10.00		10.00		-2.63%		3.70%		5,247,457	53,429,139	2.49		3882		
2013-05-24,五	10.02		10.13		9.88		10.01		+0.10%		2.50%		4,226,892	42,202,794	2.01		3880		
2013-05-27,一	9.98		10.70		9.90		10.61		+5.99%		7.99%		10,865,004	112,565,090	5.16		6009		
2013-05-28,二	10.50		10.77		10.33		10.45		-1.51%		4.15%		7,359,924	77,512,105	3.50		4556		
2013-05-29,三	10.45		10.50		10.25		10.39		-0.57%		2.39%		5,170,098	53,564,176	2.46		3883		
2013-05-30,四	10.39		10.66		10.18		10.66		+2.60%		4.62%		11,023,180	115,925,427	5.23		6616		
2013-05-31,五	10.66		11.16		10.59		10.74		+0.75%		5.35%		15,425,170	167,858,090	7.33		8147		
2013-06-03,一	10.77		10.87		10.30		10.49		-2.33%		5.31%		5,336,073	56,201,807	2.53		4508		
2013-06-04,二	10.47		10.49		9.99		10.02		-4.48%		4.77%		6,270,136	63,583,101	2.98		5448		
2013-06-05,三	10.03		10.10		9.86		9.98		-0.40%		2.40%		3,952,765	39,264,155	1.88		3001		
2013-06-06,四	9.95		10.10		9.92		10.06		+0.80%		1.80%		2,167,955	21,721,262	1.03		1690		
2013-06-07,五	10.06		10.08		9.47		9.60		-4.57%		6.06%		4,472,436	43,246,551	2.12		2891		
2013-06-13,四	9.41		9.45		8.85		9.10		-5.21%		6.25%		3,035,168	27,604,475	1.44		2164		
2013-06-14,五	9.14		9.31		8.97		9.25		+1.65%		3.74%		5,071,184	46,391,773	2.41		2268		
2013-06-17,一	9.35		9.39		8.92		9.01		-2.59%		5.08%		4,443,896	40,279,673	2.11		2273		
2013-06-18,二	9.04		9.08		8.90		9.04		+0.33%		2.00%		1,779,731	16,047,602	0.845		1087		
2013-06-19,三	9.01		9.42		8.85		9.39		+3.87%		6.31%		4,950,019	45,828,650	2.35		2849		
2013-06-20,四	9.38		9.63		8.98		9.08		-3.30%		6.92%		4,011,744	37,538,478	1.91		2642		
2013-06-21,五	9.00		9.38		8.85		9.24		+1.76%		5.84%		2,936,749	27,134,837	1.39		1833		
2013-06-24,一	9.24		9.24		8.32		8.79		-4.87%		9.96%		3,595,114	31,688,192	1.71		2068		
2013-06-25,二	8.71		8.82		8.05		8.62		-1.93%		8.76%		4,254,164	35,919,082	2.02		2157		
2013-06-26,三	8.67		8.78		8.46		8.72		+1.16%		3.71%		1,792,668	15,542,334	0.851		1268		
2013-06-27,四	8.75		8.92		8.40		8.41		-3.56%		5.96%		2,123,564	18,398,910	1.01		1389		
2013-06-28,五	8.20		8.63		8.20		8.40		-0.12%		5.11%		1,782,076	15,045,309	0.846		1069		
2013-07-01,一	8.22		8.72		8.22		8.67		+3.21%		5.95%		1,953,824	16,845,574	0.928		1081		
2013-07-02,二	8.70		9.54		8.62		9.54		+10.03%		10.61%		5,200,538	48,704,117	2.47		2624		
2013-07-03,三	9.76		10.21		9.66		10.08		+5.66%		5.77%		10,667,308	106,168,222	5.07		5573		
2013-07-04,四	10.13		10.26		9.83		9.89		-1.88%		4.27%		6,954,047	69,724,294	3.30		4002		
2013-07-05,五	9.81		10.00		9.60		9.71		-1.82%		4.04%		5,589,027	54,700,965	2.65		2443		
2013-07-08,一	9.50		10.18		9.26		9.93		+2.27%		9.47%		7,398,298	72,790,659	3.51		4216		
2013-07-09,二	9.93		10.09		9.70		9.84		-0.91%		3.93%		3,565,477	35,279,269	1.69		2171		
2013-07-10,三	9.78		10.38		9.75		10.30		+4.67%		6.40%		6,105,001	61,853,031	2.90		3394		
2013-07-11,四	10.10		10.80		10.08		10.51		+2.04%		6.99%		8,265,363	87,269,362	3.93		4505		
2013-07-12,五	10.65		10.75		10.32		10.65		+1.33%		4.09%		4,908,953	51,667,415	2.33		3095		
2013-07-15,一	10.60		11.05		10.58		10.64		-0.09%		4.41%		5,612,067	60,597,374	2.67		3618		
2013-07-16,二	10.50		10.99		10.30		10.95		+2.91%		6.48%		7,312,364	78,609,270	3.47		3668		
2013-07-17,三	10.95		11.06		10.55		10.55		-3.65%		4.66%		4,144,424	44,917,092	1.97		2690		
2013-07-18,四	10.50		10.79		10.37		10.69		+1.33%		3.98%		2,803,305	29,775,966	1.33		1582		
2013-07-19,五	10.59		11.00		10.58		10.58		-1.03%		3.93%		4,469,147	48,310,244	2.12		2537		
2013-07-22,一	10.18		10.50		9.53		10.10		-4.54%		9.17%		7,389,180	74,337,883	3.51		3602		
2013-07-23,二	10.17		10.30		9.89		10.22		+1.19%		4.06%		6,024,519	61,264,926	2.86		3970		
2013-07-24,三	10.22		10.23		9.86		9.94		-2.74%		3.62%		4,811,275	48,143,204	2.28		2732		
2013-07-25,四	9.90		10.00		9.44		9.44		-5.03%		5.63%		4,709,515	45,509,471	2.24		3498		
2013-07-26,五	9.44		9.76		9.30		9.69		+2.65%		4.87%		2,562,101	24,488,878	1.22		1585		
2013-07-29,一	9.72		10.10		9.56		9.85		+1.65%		5.57%		3,103,631	30,816,520	1.47		1931		
2013-07-30,二	9.89		10.12		9.73		10.09		+2.44%		3.96%		4,021,742	40,289,963	1.91		1910		
2013-07-31,三	10.09		10.28		9.94		10.14		+0.50%		3.37%		3,186,237	32,156,538	1.51		1631		
2013-08-01,四	10.13		11.04		10.03		11.02		+8.68%		9.96%		8,063,767	85,916,177	3.83		4413		
2013-08-02,五	10.90		11.44		10.90		11.30		+2.54%		4.90%		9,297,417	104,837,939	4.42		4854		
2013-08-05,一	11.28		12.36		11.17		12.20		+7.96%		10.53%		13,241,201	156,921,430	6.29		6426		
2013-08-06,二	12.20		12.40		11.88		12.01		-1.56%		4.26%		11,672,585	140,373,360	5.54		5357		
2013-08-07,三	11.92		12.10		11.60		12.01		+0.00%		4.16%		10,435,116	123,300,118	4.96		4490		
2013-08-08,四	11.96		11.98		11.66		11.95		-0.50%		2.66%		6,218,595	73,386,946	2.95		2798		
2013-08-09,五	11.80		12.12		11.71		11.85		-0.84%		3.43%		5,217,883	62,376,024	2.48		2526		
2013-08-12,一	11.68		11.70		11.00		11.21		-5.40%		5.91%		11,703,348	131,836,300	5.56		5935		
2013-08-13,二	11.12		12.33		10.85		12.33		+9.99%		13.20%		14,135,589	163,290,360	6.71		6756		
2013-08-14,三	12.40		12.99		12.30		12.54		+1.70%		5.60%		16,795,241	212,328,380	7.98		9375		
2013-08-15,四	12.50		12.50		12.10		12.23		-2.47%		3.19%		6,613,605	81,200,946	3.14		3778		
2013-08-16,五	11.92		12.51		11.65		11.83		-3.27%		7.03%		8,584,381	103,519,087	4.08		4827		
2013-08-19,一	11.61		12.06		11.61		11.87		+0.34%		3.80%		6,079,403	71,863,088	2.89		3055		
2013-08-20,二	11.86		11.86		11.45		11.54		-2.78%		3.45%		5,734,140	67,128,823	2.72		3322		
2013-08-21,三	11.63		11.87		11.37		11.78		+2.08%		4.33%		4,276,822	49,638,792	2.03		2902		
2013-08-22,四	11.70		11.78		11.60		11.61		-1.44%		1.53%		2,467,795	28,781,554	1.17		1836		
2013-08-23,五	11.61		12.29		11.56		12.21		+5.17%		6.29%		9,682,967	114,919,288	4.60		5186		
2013-08-26,一	12.21		12.22		11.85		12.09		-0.98%		3.03%		12,158,275	145,787,040	5.77		7159		
2013-08-27,二	12.00		12.09		11.81		11.95		-1.16%		2.32%		5,552,704	66,315,839	2.64		3438		
2013-08-28,三	11.81		11.83		11.38		11.40		-4.60%		3.77%		6,801,746	78,645,326	3.23		4386		
2013-08-29,四	11.40		11.60		11.17		11.32		-0.70%		3.77%		3,403,721	38,657,563	1.62		2308		
2013-08-30,五	11.35		11.38		10.91		10.99		-2.92%		4.15%		3,716,709	41,243,452	1.77		2826		
2013-09-02,一	10.85		11.60		10.80		11.35		+3.28%		7.28%		5,451,924	61,402,038	2.59		3206		
2013-09-03,二	11.41		11.95		11.33		11.93		+5.11%		5.46%		7,824,092	91,578,302	3.72		4810		
2013-09-04,三	11.79		11.90		11.50		11.62		-2.60%		3.35%		4,003,179	46,666,935	1.90		2842		
2013-09-05,四	11.56		11.65		11.18		11.25		-3.18%		4.04%		4,858,401	55,279,670	2.31		2971		
2013-09-06,五	11.21		11.40		10.90		10.97		-2.49%		4.44%		6,329,359	69,823,350	3.01		3618		
2013-09-09,一	10.86		11.14		10.76		11.09		+1.09%		3.46%		7,895,222	86,206,208	3.75		4283		
2013-09-10,二	11.09		11.13		10.85		10.90		-1.71%		2.52%		5,670,525	61,898,125	2.69		3282		
2013-09-11,三	10.93		11.10		10.52		10.73		-1.56%		5.32%		10,510,719	113,886,315	4.99		6409		
2013-09-12,四	10.66		11.06		10.57		10.90		+1.58%		4.57%		7,880,211	85,781,641	3.74		3847		
2013-09-13,五	10.89		11.00		10.78		10.89		-0.09%		2.02%		3,449,676	37,456,311	1.64		2023		
2013-09-16,一	10.89		10.98		10.60		10.68		-1.93%		3.49%		4,660,859	50,418,006	2.21		3285		
2013-09-17,二	10.68		10.74		10.20		10.24		-4.12%		5.06%		6,051,810	62,606,540	2.87		4087		
2013-09-18,三	10.25		10.30		10.01		10.22		-0.20%		2.83%		3,039,199	30,811,672	1.44		2023		
2013-09-23,一	10.20		10.40		10.17		10.39		+1.66%		2.25%		3,726,856	38,280,141	1.77		2241		
2013-09-24,二	10.43		10.45		10.04		10.08		-2.98%		3.95%		5,755,330	58,436,502	2.73		3315		
2013-09-25,三	10.00		10.40		10.00		10.19		+1.09%		3.97%		4,335,514	44,461,741	2.06		2862		
2013-09-26,四	10.20		10.31		9.70		9.77		-4.12%		5.99%		6,066,802	60,271,944	2.88		3661		
2013-09-27,五	9.80		9.85		9.42		9.49		-2.87%		4.40%		5,517,822	52,718,438	2.62		3120		
2013-09-30,一	9.55		9.58		9.17		9.42		-0.74%		4.32%		5,796,659	54,096,327	2.75		3046		
2013-10-08,二	9.42		10.36		9.30		10.36		+9.98%		11.25%		9,295,645	92,668,302	4.41		5080		
2013-10-09,三	10.65		10.66		10.26		10.48		+1.16%		3.86%		10,761,972	112,212,772	5.11		6734		
2013-10-10,四	10.40		10.58		10.26		10.37		-1.05%		3.05%		7,764,363	80,873,474	3.69		4602		
2013-10-11,五	10.37		10.63		10.35		10.49		+1.16%		2.70%		6,154,162	64,339,647	2.92		3734		
2013-10-14,一	10.51		10.85		10.47		10.68		+1.81%		3.62%		9,880,407	105,870,982	4.69		5873		
2013-10-15,二	10.40		10.44		9.73		10.16		-4.87%		6.65%		11,676,825	118,194,516	5.55		7367		
2013-10-16,三	10.01		10.06		9.56		9.62		-5.31%		4.92%		6,727,083	65,492,541	3.19		4697		
2013-10-17,四	9.63		9.80		9.48		9.58		-0.42%		3.33%		3,817,476	36,713,299	1.81		2603		
2013-10-18,五	9.58		9.61		9.43		9.44		-1.46%		1.88%		3,518,492	33,382,785	1.67		2304		
2013-10-21,一	9.43		9.53		8.91		9.46		+0.21%		6.57%		10,905,631	100,846,826	5.18		5455		
2013-10-22,二	9.45		9.80		9.25		9.59		+1.37%		5.81%		8,959,466	85,294,281	4.25		5257		
2013-10-23,三	9.55		9.55		9.25		9.36		-2.40%		3.13%		5,332,488	49,898,369	2.53		3070		
2013-10-24,四	9.25		9.28		8.91		9.00		-3.85%		3.95%		4,302,512	38,971,519	2.04		3116		
2013-10-25,五	9.00		9.10		8.35		8.65		-3.89%		8.33%		6,651,953	57,612,999	3.16		4640		
2013-10-28,一	8.65		8.72		8.36		8.53		-1.39%		4.16%		3,340,539	28,534,610	1.59		2263		
2013-10-29,二	8.52		8.65		8.03		8.19		-3.99%		7.27%		5,198,257	43,175,589	2.47		3132		
2013-10-30,三	8.12		8.52		8.12		8.46		+3.30%		4.88%		3,394,265	28,477,190	1.61		2377		
2013-10-31,四	8.41		8.43		8.15		8.23		-2.72%		3.31%		3,018,277	24,984,537	1.43		1979		
2013-11-01,五	8.21		8.44		8.19		8.38		+1.82%		3.04%		2,010,026	16,705,484	0.955		1559		
2013-11-04,一	8.38		8.58		8.34		8.38		+0.00%		2.86%		3,102,318	26,306,619	1.47		2219		
2013-11-05,二	8.48		9.19		8.38		9.14		+9.07%		9.67%		9,064,636	80,128,277	4.30		7357		
2013-11-06,三	9.01		9.01		8.69		8.77		-4.05%		3.50%		5,817,558	51,575,039	2.76		4256		
2013-11-07,四	8.79		9.15		8.76		8.86		+1.03%		4.45%		5,615,665	50,474,192	2.67		3621		
2013-11-08,五	8.86		8.89		8.58		8.65		-2.37%		3.50%		2,877,618	24,976,247	1.37		2022		
2013-11-11,一	8.65		8.65		8.36		8.48		-1.97%		3.35%		2,618,928	22,295,405	1.24		1692		
2013-11-12,二	8.51		8.58		8.35		8.40		-0.94%		2.71%		3,053,360	25,703,170	1.45		1954		
2013-11-13,三	8.40		8.75		8.35		8.43		+0.36%		4.76%		3,132,203	26,769,807	1.49		2234		
2013-11-14,四	8.43		8.67		8.42		8.54		+1.30%		2.97%		2,654,701	22,726,353	1.26		1753		
2013-11-15,五	8.54		8.80		8.50		8.71		+1.99%		3.51%		3,745,455	32,471,327	1.78		2263		
2013-11-18,一	8.71		8.97		8.71		8.89		+2.07%		2.99%		4,092,746	36,317,549	1.94		2680		
2013-11-19,二	8.92		8.93		8.78		8.88		-0.11%		1.69%		3,714,432	32,833,252	1.76		2636		
2013-11-20,三	8.90		9.08		8.71		9.06		+2.03%		4.17%		4,797,960	42,835,981	2.28		2825		
2013-11-21,四	9.03		9.95		8.92		9.51		+4.97%		11.37%		12,097,622	114,303,843	5.75		6432		
2013-11-22,五	9.93		10.39		9.60		10.23		+7.57%		8.31%		25,744,241	255,707,240	12.23		12962		
2013-11-25,一	9.90		10.00		9.60		9.65		-5.67%		3.91%		15,555,443	152,343,900	7.39		8141		
2013-11-26,二	9.55		9.66		9.36		9.66		+0.10%		3.11%		7,232,338	68,687,465	3.43		4739		
2013-11-27,三	9.95		10.08		9.67		9.69		+0.31%		4.24%		7,993,234	78,541,840	3.80		6137		
2013-11-28,四	9.71		9.96		9.65		9.75		+0.62%		3.20%		7,768,466	76,090,123	3.69		5180		
2013-11-29,五	9.85		9.85		9.60		9.75		+0.00%		2.56%		4,934,336	47,881,840	2.34		3302		
2013-12-02,一	9.47		9.59		8.81		8.92		-8.51%		8.00%		6,867,277	62,881,333	3.26		4647		
2013-12-03,二	8.74		9.39		8.74		9.22		+3.36%		7.29%		3,986,826	36,186,451	1.89		2735		
2013-12-04,三	9.28		9.65		9.13		9.44		+2.39%		5.64%		7,131,332	67,119,269	3.39		3869		
2013-12-05,四	9.43		9.64		9.36		9.38		-0.64%		2.97%		6,097,097	57,786,441	2.90		3066		
2013-12-06,五	9.36		9.42		9.21		9.26		-1.28%		2.24%		3,883,589	36,106,698	1.84		2329		
2013-12-09,一	9.32		9.48		9.23		9.35		+0.97%		2.70%		4,379,827	41,046,710	2.08		2500		
2013-12-10,二	9.35		9.56		9.33		9.50		+1.60%		2.46%		3,587,545	33,931,427	1.70		2480		
2013-12-11,三	9.44		9.44		8.98		9.06		-4.63%		4.84%		7,361,521	66,940,153	3.50		4837		
2013-12-12,四	9.01		9.10		8.77		8.90		-1.77%		3.64%		4,739,357	42,232,099	2.25		3568		
2013-12-13,五	8.84		9.00		8.77		8.90		+0.00%		2.58%		2,444,824	21,791,732	1.16		1691		
2013-12-16,一	8.90		9.31		8.86		9.11		+2.36%		5.06%		6,341,317	57,943,274	3.01		3665		
2013-12-17,二	9.11		9.12		8.85		9.01		-1.10%		2.96%		2,537,520	22,690,647	1.21		1643		
2013-12-18,三	8.98		9.34		8.89		8.91		-1.11%		4.99%		4,195,524	37,966,848	1.99		3922		
2013-12-19,四	8.93		9.05		8.39		8.95		+0.45%		7.41%		4,922,069	43,570,967	2.34		2691		
2013-12-20,五	8.89		9.20		8.58		8.61		-3.80%		6.93%		5,287,389	46,477,796	2.51		2573		
2013-12-23,一	8.60		8.78		8.18		8.35		-3.02%		6.97%		4,585,954	38,312,804	2.18		2735		
2013-12-24,二	8.32		8.70		8.28		8.47		+1.44%		5.03%		3,786,522	32,025,038	1.80		2035		
2013-12-25,三	8.40		8.48		8.31		8.41		-0.71%		2.01%		2,248,862	18,843,525	1.07		1326		
2013-12-26,四	8.40		8.40		8.08		8.09		-3.80%		3.80%		3,028,493	24,866,585	1.44		2268		
2013-12-27,五	8.05		8.22		8.05		8.17		+0.99%		2.10%		3,653,546	29,654,968	1.74		1821		
2013-12-30,一	8.20		8.99		8.20		8.99		+10.04%		9.67%		10,012,848	87,968,950	4.75		5697		
2013-12-31,二	9.18		9.18		8.86		8.96		-0.33%		3.56%		9,674,814	87,290,243	4.59		6112		
2014-01-02,四	8.96		9.42		8.84		9.34		+4.24%		6.47%		10,480,688	96,885,552	4.98		6861		
2014-01-03,五	9.37		9.78		9.23		9.61		+2.89%		5.89%		12,665,982	119,832,099	6.01		8083		
2014-01-06,一	9.43		9.48		9.12		9.22		-4.06%		3.75%		5,755,958	53,351,805	2.73		4330		
2014-01-07,二	8.69		8.89		8.30		8.67		-5.97%		6.40%		7,044,799	60,605,743	3.35		4632		
2014-01-08,三	8.57		8.77		8.50		8.59		-0.92%		3.11%		3,152,478	27,200,955	1.50		2264		
2014-01-09,四	8.51		8.72		8.40		8.43		-1.86%		3.73%		2,954,723	25,413,867	1.40		2008		
2014-01-10,五	8.42		8.42		8.08		8.18		-2.97%		4.03%		4,978,133	40,663,230	2.36		3917		
2014-01-13,一	8.20		8.28		7.62		7.72		-5.62%		8.07%		6,939,200	54,960,274	3.30		4841		
2014-01-14,二	7.65		7.96		7.40		7.95		+2.98%		7.25%		7,230,920	55,483,603	3.43		4422		
2014-01-15,三	7.79		8.10		7.70		7.91		-0.50%		5.03%		4,533,786	35,627,013	2.15		2957		
2014-01-16,四	7.90		7.97		7.75		7.77		-1.77%		2.78%		3,336,572	26,132,944	1.58		2133		
2014-01-17,五	7.70		7.82		7.64		7.67		-1.29%		2.32%		2,102,177	16,212,596	0.998		1602		
2014-01-20,一	7.66		7.90		7.52		7.88		+2.74%		4.95%		5,002,515	38,832,071	2.38		3086		
2014-01-21,二	7.99		8.20		7.59		7.60		-3.55%		7.74%		7,193,083	55,989,525	3.42		4929		
2014-01-22,三	7.50		7.55		7.21		7.44		-2.11%		4.47%		11,047,993	80,949,766	5.25		7523		
2014-01-23,四	7.35		7.41		7.25		7.33		-1.48%		2.15%		8,011,331	58,540,825	3.80		4574		
2014-01-24,五	7.32		7.42		7.25		7.38		+0.68%		2.32%		6,398,390	47,029,729	3.04		3470		
2014-01-27,一	7.37		7.42		7.24		7.25		-1.76%		2.44%		5,825,546	42,665,083	2.77		3371		
2014-01-28,二	7.25		7.29		6.72		6.89		-4.97%		7.86%		7,574,523	52,773,166	3.60		4739		
2014-01-29,三	6.86		6.94		6.82		6.92		+0.44%		1.74%		3,849,100	26,489,487	1.83		2137		
2014-01-30,四	6.90		7.08		6.75		7.03		+1.59%		4.77%		3,670,540	25,548,680	1.74		2160		
2014-02-07,五	6.99		7.19		6.86		7.15		+1.71%		4.69%		4,239,597	29,920,433	2.01		2644		
2014-02-10,一	7.20		7.29		7.16		7.28		+1.82%		1.82%		5,954,244	43,106,266	2.83		3481		
2014-02-11,二	7.26		7.33		7.23		7.31		+0.41%		1.37%		5,244,452	38,187,349	2.49		3134		
2014-02-12,三	7.36		7.53		7.22		7.51		+2.74%		4.24%		7,717,461	56,912,044	3.66		4405		
2014-02-13,四	7.46		7.58		7.30		7.35		-2.13%		3.73%		8,150,686	60,391,798	3.87		4282		
2014-02-14,五	7.29		7.87		7.29		7.45		+1.36%		7.89%		6,577,946	49,046,278	3.12		3517		
2014-02-17,一	7.44		7.50		7.34		7.50		+0.67%		2.15%		6,837,899	50,786,320	3.25		3268		
2014-02-18,二	7.48		7.49		7.33		7.35		-2.00%		2.13%		6,570,191	48,423,189	3.12		3319		
2014-02-19,三	7.35		7.54		7.29		7.44		+1.22%		3.40%		11,883,952	87,898,472	5.64		4440		
2014-02-20,四	7.40		7.56		7.30		7.44		+0.00%		3.49%		14,026,653	104,389,649	6.66		5298		
2014-02-21,五	7.37		7.41		7.11		7.17		-3.63%		4.03%		8,577,700	62,271,188	4.07		4663		
2014-02-24,一	7.10		7.36		7.00		7.36		+2.65%		5.02%		6,470,911	46,449,889	3.07		3320		
2014-02-25,二	7.30		7.39		7.03		7.08		-3.80%		4.89%		7,075,420	51,309,140	3.36		3503		
2014-02-26,三	7.02		7.17		6.91		7.05		-0.42%		3.67%		3,778,633	26,525,719	1.79		2385		
2014-02-27,四	7.05		7.13		6.70		6.71		-4.82%		6.10%		5,426,360	37,612,214	2.58		3069		
2014-02-28,五	6.68		6.69		6.48		6.64		-1.04%		3.13%		5,288,502	34,802,237	2.51		3028		
2014-03-03,一	6.62		6.77		6.60		6.74		+1.51%		2.56%		3,679,529	24,669,981	1.75		2024		
2014-03-04,二	6.74		6.74		6.62		6.70		-0.59%		1.78%		3,079,897	20,540,253	1.46		1954		
2014-03-05,三	6.68		6.75		6.64		6.69		-0.15%		1.64%		2,930,162	19,640,961	1.39		1559		
2014-03-06,四	6.66		6.78		6.66		6.77		+1.20%		1.79%		3,134,177	21,110,486	1.49		1917		
2014-03-07,五	6.75		6.94		6.75		6.87		+1.48%		2.81%		3,893,211	26,715,186	1.85		2424		
2014-03-10,一	6.88		7.07		6.88		6.90		+0.44%		2.77%		6,502,274	45,307,876	3.09		3956		
2014-03-11,二	6.83		6.90		6.62		6.68		-3.19%		4.06%		4,408,114	29,509,166	2.09		2502		
2014-03-12,三	6.68		6.74		6.50		6.58		-1.50%		3.59%		3,693,879	24,372,815	1.75		2296		
2014-03-13,四	6.55		6.70		6.55		6.69		+1.67%		2.28%		3,312,621	21,995,730	1.57		1640		
2014-03-14,五	6.67		6.78		6.64		6.72		+0.45%		2.09%		3,130,513	21,034,729	1.49		1666		
2014-03-17,一	6.69		6.95		6.66		6.90		+2.68%		4.32%		4,663,001	32,010,742	2.21		3079		
2014-03-18,二	7.00		7.59		7.00		7.59		+10.00%		8.55%		20,653,324	153,266,880	9.81		8728		
2014-03-19,三	7.73		7.78		7.34		7.47		-1.58%		5.80%		18,160,765	135,602,290	8.62		9628		
2014-03-20,四	7.38		7.48		7.19		7.20		-3.61%		3.88%		10,455,418	76,191,151	4.97		5991		
2014-03-21,五	7.17		7.33		6.92		7.29		+1.25%		5.69%		9,127,364	65,176,736	4.33		5545		
2014-03-24,一	7.21		7.39		7.15		7.28		-0.14%		3.29%		6,837,813	49,723,048	3.25		3914		
2014-03-25,二	7.29		7.32		7.20		7.22		-0.82%		1.65%		4,439,446	32,144,819	2.11		2885		
2014-03-26,三	7.23		7.29		7.20		7.27		+0.69%		1.25%		4,370,522	31,662,394	2.08		2358		
2014-03-27,四	7.31		7.34		7.01		7.03		-3.30%		4.54%		5,072,813	36,051,359	2.41		3050		
2014-03-28,五	7.01		7.16		6.96		7.02		-0.14%		2.84%		4,588,077	32,306,350	2.18		2756		
2014-03-31,一	6.80		7.06		6.78		6.99		-0.43%		3.99%		4,404,999	30,516,781	2.09		2707		
2014-04-01,二	7.12		7.31		7.11		7.15		+2.29%		2.86%		6,201,318	44,587,898	2.94		4477		
2014-04-02,三	7.12		7.32		7.12		7.30		+2.10%		2.80%		7,364,372	53,529,833	3.50		4520		
2014-04-03,四	7.33		7.43		7.24		7.30		+0.00%		2.60%		6,566,744	48,089,576	3.12		3627		
2014-04-04,五	7.32		7.44		7.25		7.40		+1.37%		2.60%		6,683,856	49,370,877	3.17		3068		
2014-04-08,二	7.37		7.46		7.36		7.38		-0.27%		1.35%		4,282,670	31,669,921	2.03		2297		
2014-04-09,三	7.35		7.44		7.30		7.34		-0.54%		1.90%		4,352,417	32,006,011	2.07		2463		
2014-04-10,四	7.36		7.45		7.24		7.42		+1.09%		2.86%		6,255,297	46,041,453	2.97		3581		
2014-04-11,五	7.41		7.65		7.36		7.51		+1.21%		3.91%		9,900,749	74,784,545	4.70		5414		
2014-04-14,一	7.43		8.08		7.43		7.84		+4.39%		8.66%		14,651,230	115,123,373	6.96		7003		
2014-04-15,二	7.85		8.06		7.70		7.93		+1.15%		4.59%		11,972,064	95,267,995	5.69		5885		
2014-04-16,三	7.93		8.35		7.88		8.35		+5.30%		5.93%		11,584,269	95,066,453	5.50		7023		
2014-04-17,四	8.35		8.36		8.10		8.22		-1.56%		3.11%		9,219,894	75,819,817	4.38		5192		
2014-04-18,五	8.15		8.15		7.87		7.91		-3.77%		3.41%		7,081,888	56,340,849	3.36		4192		
2014-04-22,二	7.51		8.00		7.51		7.84		-0.88%		6.19%		17,220,388	133,430,568	8.18		6658		
2014-04-23,三	7.83		7.88		7.72		7.76		-1.02%		2.04%		3,663,740	28,538,251	1.74		1578		
2014-04-24,四	7.76		7.93		7.70		7.85		+1.16%		2.96%		3,364,526	26,249,691	1.60		1572		
2014-04-25,五	7.84		8.05		7.68		7.78		-0.89%		4.71%		4,787,037	37,560,630	2.27		2221		
2014-04-28,一	7.79		7.87		7.61		7.61		-2.19%		3.34%		3,136,864	24,154,603	1.49		1964		
2014-04-29,二	7.59		7.65		7.32		7.53		-1.05%		4.34%		3,617,643	27,077,354	1.72		1366		
2014-04-30,三	7.52		7.91		7.50		7.87		+4.52%		5.44%		2,941,478	22,763,370	1.40		1277		
2014-05-05,一	7.84		8.26		7.78		8.21		+4.32%		6.10%		4,217,235	34,273,766	2.00		1925		
2014-05-06,二	8.17		8.54		8.14		8.35		+1.71%		4.87%		5,303,211	44,570,355	2.52		2392		
2014-05-07,三	8.34		8.44		8.20		8.27		-0.96%		2.87%		3,151,079	26,148,363	1.50		1424		
2014-05-08,四	8.32		8.41		8.20		8.22		-0.60%		2.54%		1,896,589	15,747,269	0.901		1049		
2014-05-09,五	8.14		8.24		7.96		8.24		+0.24%		3.41%		3,049,921	24,602,337	1.45		1386		
2014-05-12,一	8.20		8.45		8.12		8.45		+2.55%		4.00%		3,925,533	32,656,365	1.86		1621		
2014-05-13,二	8.45		8.68		8.37		8.61		+1.89%		3.67%		4,774,359	40,826,976	2.27		2002		
2014-05-14,三	8.71		8.95		8.53		8.89		+3.25%		4.88%		5,633,394	49,413,230	2.68		2429		
2014-05-15,四	8.80		8.97		8.54		8.70		-2.14%		4.84%		3,637,898	31,902,560	1.73		2031		
2014-05-16,五	8.68		8.80		8.59		8.74		+0.46%		2.41%		2,891,404	25,196,161	1.37		1262		
2014-05-19,一	8.90		8.90		8.31		8.53		-2.40%		6.75%		3,384,789	29,283,952	1.61		1670		
2014-05-20,二	8.60		8.67		8.27		8.28		-2.93%		4.69%		2,945,900	24,852,732	1.40		1450		
2014-05-21,三	8.26		8.49		8.21		8.33		+0.60%		3.38%		2,330,633	19,476,578	1.11		1137		
2014-05-22,四	8.33		8.44		8.23		8.28		-0.60%		2.52%		1,699,046	14,156,662	0.807		1009		
2014-05-23,五	8.33		8.37		8.13		8.37		+1.09%		2.90%		1,876,704	15,454,907	0.891		1074		
2014-05-26,一	8.32		8.42		8.28		8.37		+0.00%		1.67%		1,966,463	16,440,853	0.934		1116		
2014-05-27,二	8.39		8.40		8.30		8.36		-0.12%		1.19%		1,174,365	9,811,463	0.558		648		
2014-05-28,三	8.35		8.38		8.21		8.25		-1.32%		2.03%		2,794,264	23,153,443	1.33		1210		
2014-05-29,四	8.25		8.25		7.84		7.84		-4.97%		4.97%		5,450,430	43,565,693	2.59		2323		
2014-05-30,五	7.72		7.81		7.60		7.64		-2.55%		2.68%		4,047,873	31,190,522	1.92		1691		
2014-06-03,二	7.75		7.78		7.50		7.62		-0.26%		3.66%		2,147,670	16,335,596	1.02		1192		
2014-06-04,三	7.60		7.64		7.24		7.39		-3.02%		5.25%		3,276,490	24,265,628	1.56		1446		
2014-06-05,四	7.35		7.49		7.33		7.46		+0.95%		2.17%		1,056,556	7,866,938	0.502		613		
2014-06-06,五	7.49		7.69		7.47		7.62		+2.14%		2.95%		2,174,058	16,553,029	1.03		1024		
2014-06-09,一	7.60		7.71		7.56		7.65		+0.39%		1.97%		1,726,332	13,186,354	0.820		731		
2014-06-10,二	7.67		7.79		7.56		7.74		+1.18%		3.01%		1,753,368	13,490,178	0.833		1137		
2014-06-11,三	7.72		7.97		7.69		7.94		+2.58%		3.62%		2,354,384	18,519,072	1.12		1071		
2014-06-12,四	7.93		8.04		7.78		7.78		-2.02%		3.27%		2,462,162	19,545,665	1.17		983		
2014-06-13,五	7.78		7.94		7.74		7.84		+0.77%		2.57%		2,024,923	15,913,874	0.962		605		
2014-06-16,一	7.78		7.94		7.78		7.87		+0.38%		2.04%		658,251		5,192,602	0.313		364		
2014-06-17,二	7.86		7.99		7.83		7.90		+0.38%		2.03%		1,309,207	10,382,773	0.622		542		
2014-06-18,三	7.90		7.99		7.77		7.83		-0.89%		2.78%		1,503,401	11,826,569	0.714		518		
2014-06-19,四	7.89		7.98		7.64		7.70		-1.66%		4.34%		1,245,561	9,763,560	0.592		690		
2014-06-20,五	7.78		7.84		7.52		7.82		+1.56%		4.16%		686,277		5,333,050	0.326		351		
2014-06-23,一	7.95		8.08		7.81		7.90		+1.02%		3.45%		1,774,144	14,103,124	0.843		731		
2014-06-24,二	7.89		7.95		7.76		7.83		-0.89%		2.41%		1,370,281	10,749,068	0.651		623		
2014-06-25,三	7.80		7.86		7.70		7.74		-1.15%		2.04%		871,818		6,772,074	0.414		339		
2014-06-26,四	7.80		7.88		7.77		7.85		+1.42%		1.42%		910,144		7,120,059	0.432		417		
2014-06-27,五	7.82		8.04		7.82		7.90		+0.64%		2.80%		835,799		6,630,501	0.397		546		
2014-06-30,一	7.92		8.05		7.65		7.71		-2.41%		5.06%		4,235,896	32,991,549	2.05		1276		
2014-07-01,二	7.79		8.02		7.65		8.00		+3.76%		4.80%		4,123,085	32,160,072	2.00		1477		
2014-07-02,三	8.02		8.31		7.92		8.18		+2.25%		4.88%		4,158,436	33,713,228	2.01		1741		
2014-07-03,四	8.17		8.25		8.00		8.21		+0.37%		3.06%		2,364,162	19,197,717	1.14		1011		
2014-07-04,五	8.24		8.41		8.11		8.38		+2.07%		3.65%		4,022,016	33,396,458	1.95		1607		
2014-07-07,一	8.37		8.79		8.28		8.73		+4.18%		6.09%		6,124,007	52,959,300	2.96		2137		
2014-07-08,二	8.69		8.84		8.61		8.80		+0.80%		2.63%		3,108,757	27,271,755	1.50		1420		
2014-07-09,三	8.71		8.92		8.58		8.70		-1.14%		3.86%		3,251,222	28,582,573	1.57		1394		
2014-07-10,四	8.70		8.94		8.38		8.92		+2.53%		6.44%		3,613,832	31,178,260	1.75		1820		
2014-07-11,五	8.81		9.11		8.50		8.83		-1.01%		6.84%		3,205,430	28,522,827	1.55		1442		
2014-07-14,一	8.71		9.03		8.71		8.85		+0.23%		3.62%		2,862,995	25,517,372	1.39		983		
2014-07-15,二	8.80		9.29		8.72		9.28		+4.86%		6.44%		7,064,462	64,776,923	3.42		2217		
2014-07-16,三	9.25		9.74		9.10		9.70		+4.53%		6.90%		5,257,931	50,173,196	2.54		2238		
2014-07-17,四	9.60		9.77		9.28		9.42		-2.89%		5.05%		2,785,525	26,431,521	1.35		1452		
2014-07-18,五	9.42		9.42		9.17		9.19		-2.44%		2.65%		1,839,125	17,027,730	0.890		1222		
2014-07-21,一	9.12		9.24		8.90		8.97		-2.39%		3.70%		2,519,571	22,844,681	1.22		1096		
2014-07-22,二	8.99		9.42		8.93		9.08		+1.23%		5.46%		5,418,109	49,968,140	2.62		1897		
2014-07-23,三	9.13		9.20		8.68		8.74		-3.74%		5.73%		4,729,597	42,043,830	2.29		1893		
2014-07-24,四	8.73		8.82		8.44		8.68		-0.69%		4.35%		4,837,268	41,627,326	2.34		1617		
2014-07-25,五	8.66		8.80		8.62		8.73		+0.58%		2.07%		1,593,706	13,899,974	0.771		614		
2014-07-28,一	8.72		9.03		8.60		8.90		+1.95%		4.93%		4,725,408	41,960,675	2.29		1451		
2014-07-29,二	8.88		9.11		8.88		9.02		+1.35%		2.58%		2,153,473	19,452,958	1.04		998		
2014-07-30,三	9.03		9.23		8.92		9.15		+1.44%		3.44%		2,329,642	21,293,840	1.13		1066		
2014-07-31,四	9.10		9.59		9.08		9.46		+3.39%		5.57%		3,188,287	29,973,298	1.54		2287		
2014-08-01,五	9.40		9.79		9.35		9.55		+0.95%		4.65%		3,908,192	37,751,913	1.89		2638		
2014-08-04,一	9.77		9.86		9.39		9.69		+1.47%		4.92%		6,226,556	60,318,678	3.01		2845		
2014-08-05,二	9.68		9.85		9.50		9.69		+0.00%		3.61%		3,546,859	34,443,156	1.72		2209		
2014-08-06,三	9.65		9.69		9.47		9.65		-0.41%		2.27%		1,848,863	17,738,545	0.895		833		
2014-08-07,四	9.70		9.78		9.49		9.55		-1.04%		3.01%		2,416,858	23,228,960	1.17		1729		
2014-08-08,五	9.53		9.65		9.50		9.60		+0.52%		1.57%		1,605,593	15,358,003	0.777		1487		
2014-08-11,一	9.64		10.08		9.64		10.08		+5.00%		4.58%		5,929,947	59,339,494	2.87		2937		
2014-08-12,二	10.08		10.53		9.93		10.33		+2.48%		5.95%		4,353,760	45,080,933	2.11		2836		
2014-08-13,三	10.34		10.69		10.26		10.39		+0.58%		4.16%		3,169,736	33,179,488	1.53		2497		
2014-08-14,四	10.33		10.80		10.27		10.56		+1.64%		5.10%		5,103,925	53,704,493	2.47		3169		
2014-08-15,五	10.53		10.78		10.25		10.30		-2.46%		5.02%		3,942,729	41,007,545	1.91		2597		
2014-08-18,一	10.40		10.57		10.18		10.26		-0.39%		3.79%		3,750,668	38,756,962	1.82		2624		
2014-08-19,二	10.24		10.37		10.15		10.30		+0.39%		2.14%		2,761,536	28,285,348	1.34		2205		
2014-08-20,三	10.34		10.34		10.14		10.17		-1.26%		1.94%		3,974,608	40,646,146	1.92		2218		
2014-08-21,四	10.14		10.22		10.03		10.12		-0.49%		1.87%		2,957,440	29,992,799	1.43		2653		
2014-08-22,五	10.13		10.23		10.10		10.11		-0.10%		1.28%		1,578,990	16,020,235	0.764		1852		
2014-08-25,一	10.16		10.35		10.09		10.14		+0.30%		2.57%		3,022,436	30,719,084	1.46		2494		
2014-08-26,二	10.14		10.20		9.67		9.92		-2.17%		5.23%		3,523,501	34,838,379	1.71		2703		
2014-08-27,三	9.91		9.94		9.75		9.80		-1.21%		1.92%		1,796,061	17,660,765	0.869		1740		
2014-08-28,四	9.83		9.92		9.73		9.78		-0.20%		1.94%		1,746,358	17,172,400	0.845		1855		
2014-08-29,五	9.76		9.89		9.74		9.87		+0.92%		1.53%		852,174		8,379,828	0.412		1297		
2014-09-01,一	9.91		10.07		9.87		10.06		+1.93%		2.03%		1,846,641	18,441,881	0.894		1987		
2014-09-02,二	10.19		10.55		10.06		10.17		+1.09%		4.87%		3,152,056	31,988,557	1.53		2549		
2014-09-03,三	10.17		10.37		9.95		10.33		+1.57%		4.13%		4,940,757	50,207,003	2.39		3405		
2014-09-04,四	10.25		10.30		10.03		10.10		-2.23%		2.61%		6,496,915	65,768,581	3.14		3631		
2014-09-05,五	10.10		10.15		9.79		9.90		-1.98%		3.56%		6,398,659	63,223,648	3.10		4301		
2014-09-09,二	9.90		9.92		9.66		9.74		-1.62%		2.63%		5,108,297	49,757,571	2.47		3724		
2014-09-10,三	9.73		9.84		9.65		9.78		+0.41%		1.95%		3,804,870	37,051,149	1.84		2784		
2014-09-11,四	9.81		9.94		9.74		9.85		+0.72%		2.04%		4,190,229	41,221,826	2.03		3285		
2014-09-12,五	9.86		9.93		9.79		9.87		+0.20%		1.42%		4,339,211	42,700,756	2.10		3384		
2014-09-15,一	9.93		10.36		9.93		10.30		+4.36%		4.36%		10,040,357	102,043,544	4.86		5566		
2014-09-16,二	10.28		10.33		9.92		9.94		-3.50%		3.98%		6,596,983	66,988,923	3.19		3571		
2014-09-17,三	10.00		10.07		9.75		9.92		-0.20%		3.22%		3,735,808	36,931,030	1.81		2883		
2014-09-18,四	9.90		10.18		9.81		10.00		+0.81%		3.73%		5,160,979	52,000,137	2.50		3061		
2014-09-19,五	10.00		10.16		9.93		10.08		+0.80%		2.30%		2,452,001	24,700,828	1.19		2086		
2014-09-22,一	10.08		10.18		9.91		9.92		-1.59%		2.68%		2,630,919	26,356,580	1.27		2037		
2014-09-23,二	9.90		10.07		9.90		9.96		+0.40%		1.71%		2,045,510	20,360,437	0.990		1533		
2014-09-24,三	9.94		10.06		9.90		10.01		+0.50%		1.61%		2,912,165	29,097,432	1.41		1996		
2014-09-25,四	10.00		10.12		9.98		10.08		+0.70%		1.40%		3,757,816	37,726,086	1.82		2698		
2014-09-26,五	10.06		10.28		10.03		10.21		+1.29%		2.48%		4,177,099	42,458,692	2.02		2809		
2014-09-29,一	10.25		10.44		10.11		10.17		-0.39%		3.23%		6,400,753	65,414,720	3.10		3694		
2014-09-30,二	10.19		10.35		10.15		10.28		+1.08%		1.97%		4,362,351	44,636,080	2.11		2511		
2014-10-08,三	10.28		10.30		9.77		10.22		-0.58%		5.16%		3,437,791	35,010,060	1.66		3204		
2014-10-09,四	10.22		10.37		10.08		10.21		-0.10%		2.84%		4,020,855	41,066,282	1.95		2538		
2014-10-10,五	10.19		10.33		10.10		10.32		+1.08%		2.25%		4,127,948	42,282,882	2.00		2289		
2014-10-13,一	10.28		10.68		10.23		10.65		+3.20%		4.36%		8,713,137	91,197,780	4.22		4474		
2014-10-14,二	10.60		10.67		10.27		10.37		-2.63%		3.76%		5,259,679	54,972,891	2.55		3085		
2014-10-15,三	10.32		10.40		10.00		10.09		-2.70%		3.86%		5,255,933	53,263,516	2.54		3042		
2014-10-16,四	10.05		10.08		9.89		9.90		-1.88%		1.88%		5,925,350	59,006,681	2.87		3442		
2014-10-17,五	9.89		10.00		9.60		9.73		-1.72%		4.04%		4,359,007	42,538,307	2.11		2954		
2014-10-20,一	9.72		9.83		9.68		9.81		+0.82%		1.54%		2,065,307	20,160,137	0.999		1782		
2014-10-21,二	9.82		9.87		9.67		9.69		-1.22%		2.04%		3,242,045	31,613,792	1.57		2342		
2014-10-22,三	9.70		9.76		9.33		9.37		-3.30%		4.44%		4,330,565	41,277,923	2.10		2991		
2014-10-23,四	9.34		9.42		9.00		9.00		-3.95%		4.48%		4,492,894	41,096,701	2.17		2902		
2014-10-24,五	9.05		9.18		8.92		9.12		+1.33%		2.89%		2,076,368	18,839,995	1.00		2037		
2014-10-27,一	9.11		9.33		9.00		9.24		+1.32%		3.62%		1,826,272	16,829,554	0.884		1729		
2014-10-28,二	9.26		9.57		9.25		9.55		+3.35%		3.46%		2,165,437	20,522,377	1.05		2011		
2014-10-29,三	9.53		9.67		9.40		9.58		+0.31%		2.83%		3,408,352	32,521,829	1.65		2557		
2014-10-30,四	9.64		9.71		9.46		9.47		-1.15%		2.61%		3,669,919	35,090,879	1.78		2329		
2014-10-31,五	9.53		9.58		9.38		9.56		+0.95%		2.11%		2,997,035	28,386,181	1.45		2056		
2014-11-03,一	9.51		9.73		9.50		9.69		+1.36%		2.41%		4,054,845	39,106,179	1.96		2322		
2014-11-04,二	9.65		9.65		9.50		9.53		-1.65%		1.55%		3,369,909	32,219,558	1.63		2067		
2014-11-05,三	9.53		9.67		9.52		9.56		+0.31%		1.57%		2,604,411	24,997,418	1.26		1406		
2014-11-06,四	9.55		9.58		9.37		9.51		-0.52%		2.20%		3,007,511	28,416,974	1.46		1534		
2014-11-07,五	9.50		9.52		9.31		9.37		-1.47%		2.21%		2,892,955	27,323,164	1.40		1428		
2014-11-10,一	9.39		9.39		9.21		9.25		-1.28%		1.92%		2,956,913	27,463,774	1.43		1556		
2014-11-11,二	9.25		9.32		8.96		9.10		-1.62%		3.89%		4,297,071	39,118,464	2.08		2121		
2014-11-12,三	9.15		9.41		9.02		9.34		+2.64%		4.29%		3,687,883	34,045,120	1.78		1883		
2014-11-13,四	9.36		9.69		9.25		9.65		+3.32%		4.71%		6,470,649	61,763,460	3.13		2991		
2014-11-14,五	9.59		9.78		9.48		9.60		-0.52%		3.11%		4,501,769	43,299,974	2.18		1778		
2014-11-17,一	9.60		9.75		9.33		9.66		+0.63%		4.38%		5,930,250	56,577,940	2.87		2354		
2014-11-18,二	9.65		9.78		9.49		9.71		+0.52%		3.00%		5,848,246	56,462,332	2.83		2235		
2014-11-19,三	9.71		9.73		9.49		9.55		-1.65%		2.47%		4,391,952	41,983,881	2.13		2059		
2014-11-20,四	9.48		9.54		9.30		9.39		-1.68%		2.51%		4,098,051	38,630,238	1.98		1853		
2014-11-21,五	9.43		9.43		9.25		9.33		-0.64%		1.92%		5,361,712	49,969,893	2.59		2240		
2014-11-24,一	9.37		9.46		9.32		9.41		+0.86%		1.50%		3,222,555	30,266,984	1.56		2009		
2014-11-25,二	9.41		9.46		9.34		9.39		-0.21%		1.28%		4,335,767	40,666,206	2.10		2183		
2014-11-26,三	9.41		9.43		9.34		9.40		+0.11%		0.96%		3,429,977	32,174,870	1.66		1858		
2014-11-27,四	9.45		9.68		9.36		9.63		+2.45%		3.40%		15,369,340	145,923,530	7.44		5506		
2014-11-28,五	9.61		9.75		9.55		9.72		+0.93%		2.08%		11,353,905	109,458,501	5.49		4533		
2014-12-01,一	9.78		10.21		9.75		9.98		+2.67%		4.73%		13,466,448	135,150,370	6.52		6840		
2014-12-02,二	9.99		10.18		9.92		10.03		+0.50%		2.61%		7,893,497	79,202,225	3.82		3835		
2014-12-03,三	10.04		10.18		9.92		10.05		+0.20%		2.59%		8,384,706	84,117,098	4.06		3389		
2014-12-04,四	10.08		10.13		9.99		10.06		+0.10%		1.39%		7,147,315	71,831,765	3.46		2971		
2014-12-05,五	10.05		10.05		9.56		9.60		-4.57%		4.87%		13,981,992	135,544,430	6.77		5055		
2014-12-08,一	9.57		9.57		9.34		9.42		-1.88%		2.40%		6,459,138	60,934,461	3.13		3240		
2014-12-09,二	9.39		9.39		8.98		9.06		-3.82%		4.35%		7,845,836	71,989,526	3.80		4117		
2014-12-10,三	9.02		9.49		8.96		9.39		+3.64%		5.85%		4,773,598	44,233,021	2.31		2608		
2014-12-11,四	9.35		9.44		9.22		9.33		-0.64%		2.34%		4,255,892	39,647,392	2.06		2115		
2014-12-12,五	9.35		9.52		9.34		9.45		+1.29%		1.93%		3,874,489	36,589,467	1.87		1791		
2014-12-15,一	9.40		9.70		9.34		9.58		+1.38%		3.81%		4,497,145	43,060,818	2.18		2291		
2014-12-16,二	9.60		9.65		9.31		9.36		-2.30%		3.55%		6,295,310	59,533,037	3.05		2853		
2014-12-17,三	9.39		9.39		9.08		9.22		-1.50%		3.31%		7,734,788	71,055,443	3.74		2873		
2014-12-18,四	9.22		9.26		9.16		9.22		+0.00%		1.08%		3,316,873	30,554,248	1.61		1396		
2014-12-19,五	9.18		9.24		8.99		9.09		-1.41%		2.71%		4,422,753	40,148,741	2.14		2146		
2014-12-22,一	9.08		9.22		8.64		8.66		-4.73%		6.38%		6,582,872	57,808,516	3.19		3231		
2014-12-23,二	8.66		8.81		8.58		8.69		+0.35%		2.66%		2,906,258	25,246,440	1.41		1612		
2014-12-24,三	8.73		8.97		8.70		8.96		+3.11%		3.11%		3,968,417	35,219,868	1.92		1875		
2014-12-25,四	9.03		9.08		8.93		9.06		+1.12%		1.67%		2,636,370	23,798,498	1.28		1292		
2014-12-26,五	9.03		9.12		8.98		9.01		-0.55%		1.55%		2,232,936	20,192,538	1.08		1049		
2014-12-29,一	8.95		8.96		8.75		8.79		-2.44%		2.33%		2,770,275	24,482,017	1.34		1540		
2014-12-30,二	8.79		9.10		8.76		8.78		-0.11%		3.87%		4,055,123	36,030,004	1.96		2054		
2014-12-31,三	8.79		8.87		8.53		8.70		-0.91%		3.87%		4,076,344	35,232,952	1.97		2024		
2015-01-05,一	8.67		8.84		8.58		8.78		+0.92%		2.99%		3,538,562	30,880,694	1.71		1779		
2015-01-06,二	8.71		9.02		8.66		8.96		+2.05%		4.10%		3,455,782	30,670,780	1.67		1787		
2015-01-07,三	8.92		9.15		8.91		9.01		+0.56%		2.68%		3,356,073	30,356,918	1.62		1633		
2015-01-08,四	9.02		9.17		9.02		9.05		+0.44%		1.66%		3,040,154	27,655,568	1.47		1462		
2015-01-09,五	9.01		9.18		9.01		9.10		+0.55%		1.88%		3,029,488	27,663,392	1.47		1415		
2015-01-12,一	9.04		9.04		8.85		8.90		-2.20%		2.09%		2,567,406	22,898,536	1.24		1292		
2015-01-13,二	8.93		9.08		8.83		9.03		+1.46%		2.81%		2,511,814	22,506,123	1.22		1248		
2015-01-14,三	9.04		9.35		8.96		9.26		+2.55%		4.32%		5,629,184	51,802,270	2.72		2624		
2015-01-15,四	9.24		9.37		9.15		9.23		-0.32%		2.38%		4,404,962	40,835,769	2.13		1892		
2015-01-16,五	9.21		9.41		9.19		9.36		+1.41%		2.38%		2,885,874	26,938,997	1.40		1618		
2015-01-19,一	9.20		9.41		8.90		9.11		-2.67%		5.45%		4,320,029	39,738,891	2.09		2298		
2015-01-20,二	9.09		9.36		9.09		9.36		+2.74%		2.96%		3,589,597	33,175,613	1.74		1655		
2015-01-21,三	9.38		9.52		9.33		9.50		+1.50%		2.03%		3,984,773	37,614,094	1.93		1920		
2015-01-22,四	9.50		9.61		9.43		9.58		+0.84%		1.89%		2,941,903	28,063,659	1.42		1520		
2015-01-23,五	9.58		9.63		9.31		9.39		-1.98%		3.34%		4,234,247	40,192,793	2.05		2021		
2015-01-26,一	9.35		9.65		9.35		9.58		+2.02%		3.19%		4,727,220	45,061,907	2.29		1838		
2015-01-27,二	9.58		9.85		9.56		9.65		+0.73%		3.03%		6,413,850	62,062,825	3.10		2634		
2015-01-28,三	9.67		9.94		9.61		9.81		+1.66%		3.42%		5,665,841	55,477,369	2.74		2678		
2015-01-29,四	9.80		9.89		9.65		9.69		-1.22%		2.45%		3,601,782	35,050,116	1.74		1693		
2015-01-30,五	9.70		9.83		9.66		9.78		+0.93%		1.75%		2,997,209	29,175,217	1.45		1470		
2015-02-02,一	9.84		10.12		9.75		9.77		-0.10%		3.78%		5,484,254	54,473,631	2.65		3016		
2015-02-03,二	9.72		9.88		9.65		9.85		+0.82%		2.35%		3,166,149	30,842,224	1.53		1861		
2015-02-04,三	9.90		9.90		9.75		9.76		-0.91%		1.52%		1,894,458	18,560,235	0.917		1105		
2015-02-05,四	9.84		9.85		9.59		9.60		-1.64%		2.66%		2,464,401	23,902,490	1.19		1605		
2015-02-06,五	9.58		9.65		9.38		9.41		-1.98%		2.81%		2,366,862	22,506,079	1.15		1329		
2015-02-09,一	9.32		9.53		9.31		9.49		+0.85%		2.34%		1,734,316	16,419,425	0.839		945		
2015-02-10,二	9.48		9.74		9.38		9.72		+2.42%		3.79%		2,794,930	26,892,915	1.35		1925		
2015-02-11,三	9.72		9.88		9.72		9.73		+0.10%		1.65%		2,333,902	22,835,061	1.13		1698		
2015-02-12,四	9.74		9.79		9.66		9.79		+0.62%		1.34%		1,559,355	15,162,942	0.755		1081		
2015-02-13,五	9.80		10.04		9.80		9.95		+1.63%		2.45%		4,246,819	42,254,664	2.06		2265		
2015-02-16,一	9.95		10.26		9.95		10.20		+2.51%		3.12%		5,056,005	51,436,399	2.45		2277		
2015-02-17,二	10.20		10.27		10.08		10.18		-0.20%		1.86%		2,579,585	26,219,364	1.25		1396		
2015-02-25,三	10.17		10.36		10.01		10.23		+0.49%		3.44%		4,486,677	45,643,597	2.17		2226		
2015-02-26,四	10.34		10.48		10.25		10.45		+2.15%		2.25%		3,452,773	35,923,849	1.67		3405		
2015-02-27,五	10.44		10.77		10.39		10.52		+0.67%		3.64%		5,151,123	54,616,335	2.49		2928		
2015-03-02,一	10.52		10.67		10.45		10.62		+0.95%		2.09%		4,636,026	48,809,516	2.24		2364		
2015-03-03,二	10.56		11.15		10.49		11.02		+3.77%		6.21%		9,772,635	107,405,746	4.73		5662		
2015-03-04,三	11.14		11.57		11.03		11.57		+4.99%		4.90%		6,976,894	79,815,445	3.38		4282		
2015-03-05,四	11.74		11.98		11.18		11.45		-1.04%		6.91%		6,033,579	69,580,815	2.92		4663		
2015-03-06,五	11.45		11.94		11.29		11.77		+2.79%		5.68%		6,603,749	76,647,355	3.20		4265		
2015-03-09,一	11.79		12.33		11.60		12.14		+3.14%		6.20%		5,624,260	67,945,377	2.72		3557		
2015-03-10,二	12.15		12.18		11.88		11.98		-1.32%		2.47%		3,934,304	47,088,702	1.90		2669		
2015-03-11,三	11.91		12.07		11.40		11.60		-3.17%		5.59%		4,448,739	52,112,424	2.15		4075		
2015-03-12,四	11.63		11.92		11.45		11.62		+0.17%		4.05%		3,477,593	40,671,439	1.68		2967		
2015-03-13,五	11.61		11.89		11.61		11.88		+2.24%		2.41%		2,938,978	34,576,399	1.42		1769		
2015-03-16,一	12.10		12.28		11.96		12.03		+1.26%		2.69%		5,256,648	63,382,949	2.54		2748		
2015-03-17,二	12.13		12.19		11.91		12.08		+0.42%		2.33%		4,690,233	56,577,169	2.27		3502		
2015-03-18,三	12.10		12.50		12.08		12.39		+2.57%		3.48%		6,376,076	78,269,257	3.09		3224		
2015-03-19,四	12.39		13.01		12.30		13.01		+5.00%		5.73%		13,956,164	180,290,430	6.75		6113		
2015-03-20,五	13.14		13.35		12.79		13.00		-0.08%		4.30%		16,445,265	214,510,930	7.96		9166		
2015-03-23,一	12.97		13.04		12.75		13.01		+0.08%		2.23%		9,773,653	126,351,177	4.73		6360		
2015-03-24,二	13.00		13.50		12.80		13.39		+2.92%		5.38%		11,452,441	149,247,730	5.54		6650		
2015-03-25,三	13.45		13.45		13.13		13.21		-1.34%		2.39%		7,942,254	105,190,147	3.84		4489		
2015-03-26,四	13.14		13.14		12.82		12.96		-1.89%		2.42%		7,252,521	94,128,015	3.51		3782		
2015-03-27,五	13.15		13.61		13.10		13.55		+4.55%		3.94%		9,850,590	132,329,727	4.77		6223		
2015-03-30,一	13.50		13.50		13.16		13.33		-1.62%		2.51%		8,944,041	118,682,291	4.33		5224		
2015-03-31,二	13.22		13.31		12.98		13.13		-1.50%		2.48%		9,841,042	128,750,843	4.76		5293		
2015-04-01,三	13.02		13.70		13.00		13.44		+2.36%		5.33%		8,802,021	116,917,583	4.26		5553		
2015-04-03,五	13.43		13.43		12.84		13.14		-2.23%		4.39%		20,767,968	272,196,220	10.05		11148		
2015-04-07,二	13.01		13.59		13.01		13.45		+2.36%		4.41%		17,302,697	228,637,570	8.37		10110		
2015-04-08,三	13.47		13.50		12.82		13.05		-2.97%		5.06%		12,644,885	166,101,150	6.12		7875		
2015-04-09,四	13.20		13.20		12.28		12.63		-3.22%		7.05%		9,430,692	118,987,322	4.56		7260		
2015-04-10,五	12.61		13.12		12.42		13.01		+3.01%		5.54%		11,032,353	141,701,500	5.34		7126		
2015-04-13,一	12.97		13.15		12.72		12.93		-0.61%		3.31%		10,152,490	131,274,064	4.91		6008		
2015-04-14,二	12.93		12.94		12.60		12.84		-0.70%		2.63%		8,617,676	109,862,011	4.17		5747		
2015-04-15,三	12.78		12.78		11.82		12.38		-3.58%		7.48%		18,645,688	227,862,690	9.02		10554		
2015-04-16,四	12.06		12.46		11.87		12.20		-1.45%		4.77%		7,083,249	86,592,090	3.43		4644		
2015-04-17,五	12.21		12.43		12.16		12.24		+0.33%		2.21%		7,439,324	91,369,195	3.60		4251		
2015-04-20,一	12.28		12.34		11.89		11.93		-2.53%		3.68%		7,858,656	95,001,499	3.80		4983		
2015-04-21,二	12.00		12.41		11.92		12.39		+3.86%		4.11%		7,989,733	97,521,853	3.87		4527		
2015-04-22,三	12.60		12.79		12.44		12.69		+2.42%		2.82%		10,802,372	136,838,660	5.23		5675		
2015-04-23,四	12.70		13.33		12.56		13.18		+3.86%		6.07%		16,634,452	215,465,180	8.05		8647		
2015-04-24,五	12.95		13.19		12.84		13.15		-0.23%		2.66%		10,065,221	131,163,805	4.87		5600		
2015-04-27,一	13.16		13.29		12.87		13.25		+0.76%		3.19%		14,733,888	192,385,690	7.13		6371		
2015-04-28,二	13.31		13.31		12.54		12.56		-5.21%		5.81%		8,749,568	112,843,511	4.23		5459		
2015-04-29,三	12.47		12.74		12.37		12.52		-0.32%		2.95%		5,616,942	70,579,723	2.72		3513		
2015-04-30,四	12.58		12.95		12.55		12.70		+1.44%		3.19%		5,416,753	68,994,699	2.62		3033		
2015-05-04,一	12.66		12.80		12.37		12.73		+0.24%		3.39%		6,510,411	82,104,889	3.15		3412		
2015-05-05,二	12.62		12.72		11.88		12.07		-5.18%		6.60%		8,828,795	107,986,876	4.27		4714		
2015-05-06,三	12.29		12.29		11.68		11.83		-1.99%		5.05%		6,261,027	75,253,111	3.03		3697		
2015-05-07,四	11.79		11.83		11.24		11.26		-4.82%		4.99%		5,097,751	58,501,709	2.47		3392		
2015-05-08,五	11.40		11.57		11.20		11.45		+1.69%		3.29%		8,526,932	96,955,494	4.13		3889		
2015-05-11,一	11.54		12.09		11.40		11.90		+3.93%		6.03%		10,065,604	118,634,324	4.87		4829		
2015-05-12,二	11.92		12.52		11.90		12.48		+4.87%		5.21%		16,996,615	209,013,260	8.23		7303		
2015-05-13,三	12.35		12.73		12.22		12.46		-0.16%		4.09%		9,066,293	113,442,297	4.39		4623		
2015-05-14,四	12.40		12.68		12.40		12.54		+0.64%		2.25%		8,314,147	104,191,831	4.02		4144		
2015-05-15,五	12.54		12.79		12.37		12.50		-0.32%		3.35%		8,037,894	101,051,560	3.89		4220		
2015-05-18,一	12.40		12.94		12.37		12.89		+3.12%		4.56%		9,849,982	125,542,424	4.77		6169		
2015-05-19,二	12.88		13.10		12.62		12.96		+0.54%		3.72%		10,236,767	131,329,267	4.95		5551		
2015-05-20,三	12.95		14.25		12.77		14.00		+8.02%		11.42%		20,503,873	280,315,570	9.92		11040		
2015-05-21,四	13.79		14.46		13.75		14.37		+2.64%		5.07%		16,989,711	239,427,380	8.22		9508		
2015-05-22,五	14.41		14.53		13.83		14.20		-1.18%		4.87%		13,099,820	185,675,330	6.34		7155		
2015-05-25,一	14.11		14.91		13.81		14.67		+3.31%		7.75%		11,452,882	165,775,810	5.54		7045		
2015-05-26,二	14.60		14.91		14.26		14.75		+0.55%		4.43%		13,755,668	201,873,220	6.66		7508		
2015-05-27,三	14.75		15.59		14.63		15.21		+3.12%		6.51%		15,565,734	237,125,700	7.53		8675		
2015-05-28,四	15.10		15.66		14.00		14.04		-7.69%		10.91%		15,895,865	239,835,850	7.69		8539		
2015-05-29,五	14.10		14.34		12.70		13.60		-3.13%		11.68%		12,964,238	176,355,780	6.27		6312		
2015-06-01,一	13.75		14.34		13.73		14.33		+5.37%		4.49%		11,193,272	157,645,270	5.42		5510		
2015-06-02,二	14.30		15.76		14.20		15.76		+9.98%		10.89%		17,186,474	260,979,140	8.32		10554		
2015-06-03,三	16.30		16.99		15.88		16.98		+7.74%		7.04%		17,788,817	293,807,950	8.61		11085		
2015-06-04,四	16.84		16.90		15.50		16.55		-2.53%		8.24%		11,644,736	190,353,410	5.64		8602		
2015-06-05,五	16.57		17.80		16.57		17.54		+5.98%		7.43%		13,551,208	235,448,800	6.56		8578		
2015-06-08,一	17.45		17.51		16.50		16.78		-4.33%		5.76%		11,492,178	194,710,130	5.56		7241		
2015-06-09,二	16.70		16.75		15.98		16.39		-2.32%		4.59%		9,556,144	155,870,340	4.62		6884		
2015-06-10,三	16.40		17.28		16.11		16.95		+3.42%		7.14%		8,509,997	143,421,940	4.12		5763		
2015-06-11,四	16.90		17.03		16.41		16.86		-0.53%		3.66%		7,199,493	120,334,226	3.48		5625		
2015-06-12,五	17.00		17.78		17.00		17.45		+3.50%		4.63%		11,091,882	194,100,680	5.37		8237		
2015-06-15,一	17.70		19.20		17.39		18.85		+8.02%		10.37%		17,233,778	318,559,440	8.34		11069		
2015-06-16,二	18.55		19.50		17.38		18.20		-3.45%		11.25%		14,050,701	261,702,460	6.80		9424		
2015-06-17,三	18.19		18.74		17.00		18.55		+1.92%		9.56%		9,939,306	179,162,000	4.81		6275		
2015-06-18,四	18.48		20.41		18.48		19.78		+6.63%		10.40%		17,115,870	343,535,060	8.28		10041		
2015-06-19,五	19.02		20.50		17.80		17.80		-10.01%		13.65%		14,469,743	277,754,510	7.00		9760		
2015-06-23,二	17.03		17.90		16.02		17.20		-3.37%		10.56%		11,846,108	200,604,470	5.73		7065		
2015-06-24,三	17.40		18.80		17.20		18.50		+7.56%		9.30%		11,929,652	215,112,110	5.77		9149		
2015-06-25,四	18.99		20.18		18.32		19.49		+5.35%		10.05%		15,318,433	298,421,460	7.41		9997		
2015-06-26,五	18.75		18.75		17.54		17.54		-10.01%		6.21%		7,606,539	136,107,800	3.68		5385		
2015-06-29,一	18.10		18.42		15.79		15.79		-9.98%		14.99%		10,182,229	166,641,860	4.93		5946		
2015-06-30,二	14.30		16.45		14.21		15.88		+0.57%		14.19%		19,450,615	291,029,650	9.42		8494		
2015-07-01,三	15.70		16.53		14.29		14.29		-10.01%		14.11%		14,881,367	229,202,120	7.21		9202		
2015-07-02,四	13.55		13.66		12.86		12.86		-10.01%		5.60%		10,765,886	140,000,760	5.22		5959		
2015-07-03,五	11.57		12.49		11.57		11.57		-10.03%		7.15%		10,511,470	122,414,374	5.09		3652		
2015-07-06,一	12.73		12.73		10.41		10.44		-9.77%		20.05%		30,480,311	356,988,090	14.77		8998		
2015-07-07,二	9.41		9.78		9.40		9.40		-9.96%		3.64%		9,236,535	87,089,588	4.48		1566		
2015-07-08,三	8.46		10.10		8.46		9.85		+4.79%		17.45%		26,702,376	233,914,770	12.94		7643		
2015-07-15,三	10.84		10.84		10.84		10.84		+10.05%		0.00%		4,199,816	45,526,005	2.03		340		
2015-07-16,四	9.76		11.92		9.76		11.92		+9.96%		19.93%		20,502,281	225,181,310	9.93		8558		
2015-07-17,五	11.86		13.11		11.80		13.11		+9.98%		10.99%		8,463,540	107,608,512	4.10		3572		
2015-07-20,一	14.21		14.42		14.20		14.42		+9.99%		1.68%		11,244,435	161,694,700	5.45		4336		
2015-07-21,二	15.12		15.86		14.50		15.86		+9.99%		9.43%		11,437,897	175,880,580	5.54		7954		
2015-07-22,三	16.32		17.33		14.66		15.40		-2.90%		16.83%		18,891,482	299,017,940	9.15		16635		
2015-07-23,四	15.20		15.90		15.00		15.68		+1.82%		5.84%		10,999,854	170,509,530	5.33		11525		
2015-07-24,五	15.67		16.35		15.01		15.56		-0.77%		8.55%		12,453,830	195,281,640	6.03		9226		
2015-07-27,一	15.00		17.12		14.70		15.74		+1.16%		15.55%		18,908,388	311,609,040	9.16		12654		
2015-07-28,二	14.22		17.31		14.17		17.31		+9.97%		19.95%		23,563,271	380,782,590	11.42		15679		
2015-07-29,三	17.88		18.79		16.79		18.51		+6.93%		11.55%		25,149,152	449,724,490	12.18		19677		
2015-07-30,四	17.90		20.17		17.00		17.50		-5.46%		17.13%		17,669,260	332,667,600	8.56		20032		
2015-07-31,五	17.55		18.05		16.10		17.00		-2.86%		11.14%		12,964,108	222,213,420	6.28		11080		
2015-08-03,一	16.40		17.65		15.68		16.90		-0.59%		11.59%		14,036,437	233,236,810	6.80		9644		
2015-08-04,二	16.66		17.99		15.76		17.90		+5.92%		13.20%		11,402,046	194,000,450	5.52		11048		
2015-08-05,三	17.68		18.26		16.99		17.09		-4.53%		7.09%		8,019,799	140,289,050	3.89		9784		
2015-08-06,四	16.45		16.79		15.92		16.06		-6.03%		5.09%		7,688,573	125,244,129	3.73		8273		
2015-08-07,五	16.36		16.69		15.48		16.32		+1.62%		7.53%		13,756,766	220,673,650	6.67		12843		
2015-08-10,一	16.32		17.20		15.88		17.15		+5.09%		8.09%		13,514,809	223,863,560	6.55		14033		
2015-08-11,二	17.07		17.07		16.10		16.41		-4.31%		5.66%		11,784,090	195,520,420	5.71		12438		
2015-08-12,三	16.16		16.21		15.00		15.09		-8.04%		7.37%		16,484,768	254,772,950	7.99		23838		
2015-08-13,四	15.03		15.50		14.51		15.28		+1.26%		6.56%		11,729,707	176,670,310	5.68		11624		
2015-08-14,五	15.29		15.60		14.64		14.81		-3.08%		6.28%		11,844,720	177,983,490	5.74		11042		
2015-08-17,一	14.70		15.65		14.50		15.57		+5.13%		7.77%		10,715,430	162,394,490	5.19		10595		
2015-08-18,二	15.62		15.75		14.01		14.01		-10.02%		11.18%		11,893,641	176,316,090	5.76		11695		
2015-08-19,三	13.00		14.83		13.00		14.60		+4.21%		13.06%		11,662,161	163,615,740	5.65		10114		
2015-08-20,四	14.41		15.28		14.14		14.44		-1.10%		7.81%		9,394,243	139,819,840	4.55		9654		
2015-08-21,五	13.80		14.62		13.00		13.00		-9.97%		11.22%		7,533,171	102,281,493	3.65		8792		
2015-08-24,一	12.00		12.30		11.70		11.70		-10.00%		4.62%		2,513,644	29,603,362	1.22		2199		
2015-08-25,二	10.53		10.90		10.53		10.53		-10.00%		3.16%		4,506,131	47,620,721	2.18		2999		
2015-08-26,三	10.54		11.00		9.48		9.48		-9.97%		14.43%		11,075,999	110,458,449	5.37		7491		
2015-08-27,四	9.50		9.93		8.81		9.60		+1.27%		11.81%		8,729,211	82,825,477	4.23		5702		
2015-08-28,五	9.81		10.40		9.81		10.38		+8.13%		6.15%		9,202,901	92,855,589	4.46		7761		
2015-08-31,一	10.47		10.52		9.71		10.10		-2.70%		7.80%		6,745,876	67,595,871	3.27		4677		
2015-09-01,二	9.92		10.00		9.09		9.24		-8.51%		9.01%		4,777,509	45,445,497	2.31		3571		
2015-09-02,三	8.82		9.50		8.32		8.52		-7.79%		12.77%		4,919,611	43,326,070	2.38		3705		
2015-09-07,一	8.82		9.08		8.43		8.70		+2.11%		7.63%		5,789,907	50,566,851	2.81		4088		
2015-09-08,二	8.60		9.45		8.56		9.22		+5.98%		10.23%		3,816,424	33,923,867	1.85		3648		
2015-09-09,三	9.23		10.14		9.23		10.14		+9.98%		9.87%		9,853,452	98,602,816	4.77		5505		
2015-09-10,四	9.90		11.15		9.80		11.15		+9.96%		13.31%		11,746,694	126,860,080	5.69		7222		
2015-09-11,五	11.50		11.93		10.91		11.24		+0.81%		9.15%		11,229,944	127,136,345	5.44		12011		
2015-09-14,一	11.29		11.37		10.12		10.12		-9.96%		11.12%		9,257,432	98,989,151	4.49		7377		
2015-09-15,二	9.51		9.89		9.11		9.11		-9.98%		7.71%		6,790,942	64,287,905	3.29		5463		
2015-09-16,三	9.00		10.02		9.00		10.02		+9.99%		11.20%		8,578,092	81,771,781	4.16		7605		
2015-09-17,四	10.04		10.36		9.65		9.79		-2.30%		7.09%		8,133,374	81,560,531	3.94		6282		
2015-09-18,五	9.77		10.05		9.62		9.91		+1.23%		4.39%		4,481,486	44,271,483	2.17		3680		
2015-09-21,一	9.79		10.66		9.52		10.56		+6.56%		11.50%		9,102,873	90,551,418	4.41		5504		
2015-09-22,二	10.41		11.22		10.40		10.80		+2.27%		7.77%		10,701,440	116,364,175	5.18		6580		
2015-09-23,三	10.32		10.70		10.28		10.39		-3.80%		3.89%		6,027,037	63,138,221	2.92		4240		
2015-09-24,四	10.65		11.28		10.50		10.84		+4.33%		7.51%		9,995,558	109,465,012	4.84		6245		
2015-09-25,五	10.84		10.87		9.90		10.05		-7.29%		8.95%		6,305,984	64,880,078	3.06		5780		
2015-09-28,一	10.15		10.15		9.65		9.97		-0.80%		4.98%		7,149,930	70,406,941	3.46		5148		
2015-09-29,二	9.68		10.30		9.66		9.91		-0.60%		6.42%		5,084,057	50,425,661	2.46		3412		
2015-09-30,三	10.14		10.15		9.84		9.86		-0.50%		3.13%		3,370,534	33,616,433	1.63		2868		
2015-10-08,四	10.20		10.62		9.97		10.44		+5.88%		6.59%		8,042,982	83,057,257	3.90		4548		
2015-10-09,五	10.23		10.88		10.23		10.60		+1.53%		6.23%		5,557,900	59,090,197	2.69		4023		
2015-10-12,一	10.45		11.66		10.45		11.66		+10.00%		11.42%		10,131,074	115,924,851	4.91		4470		
2015-10-13,二	11.98		12.25		11.60		11.80		+1.20%		5.57%		10,850,563	128,867,113	5.26		7299		
2015-10-14,三	11.80		12.00		11.34		11.48		-2.71%		5.59%		8,316,048	97,351,750	4.03		5336		
2015-10-15,四	11.45		11.94		11.25		11.78		+2.61%		6.01%		10,509,277	122,567,764	5.09		5649		
2015-10-16,五	11.70		12.13		11.59		11.83		+0.42%		4.58%		10,975,531	129,555,483	5.32		6664		
2015-10-19,一	11.93		11.94		11.30		11.47		-3.04%		5.41%		8,647,409	100,722,383	4.19		6348		
2015-10-20,二	11.44		11.75		11.15		11.59		+1.05%		5.23%		10,471,514	120,017,877	5.07		9341		
2015-10-21,三	11.65		11.80		10.43		10.43		-10.01%		11.82%		13,690,442	153,677,340	6.63		8411		
2015-10-22,四	10.31		10.84		9.95		10.80		+3.55%		8.53%		10,233,898	106,733,423	4.96		6165		
2015-10-23,五	10.76		11.00		10.61		10.97		+1.57%		3.61%		8,140,704	88,398,628	3.94		5513		
2015-10-26,一	11.08		12.00		11.08		12.00		+9.39%		8.39%		14,158,936	163,598,450	6.86		8711		
2015-10-27,二	11.87		13.07		11.20		12.77		+6.42%		15.58%		15,384,160	186,153,390	7.45		10243		
2015-10-28,三	13.35		13.90		12.29		12.57		-1.57%		12.61%		18,158,823	239,489,240	8.80		11716		
2015-10-29,四	12.51		13.19		12.10		12.52		-0.40%		8.67%		9,592,281	121,110,319	4.65		6841		
2015-10-30,五	12.40		13.40		12.10		13.01		+3.91%		10.38%		10,611,967	136,563,820	5.14		7369		
2015-11-02,一	12.61		14.31		12.46		13.71		+5.38%		14.22%		13,971,358	192,517,460	6.77		10576		
2015-11-03,二	13.73		14.97		13.60		14.15		+3.21%		9.99%		10,876,798	155,132,530	5.27		9398		
2015-11-04,三	14.10		14.80		13.57		14.60		+3.18%		8.69%		10,325,022	147,880,500	5.00		8717		
2015-11-05,四	14.50		14.50		13.66		14.12		-3.29%		5.75%		9,148,264	129,150,272	4.43		8595		
2015-11-06,五	14.00		14.41		13.88		14.20		+0.57%		3.75%		6,020,059	85,072,250	2.92		4921		
2015-11-09,一	14.08		14.08		13.55		13.89		-2.18%		3.73%		8,554,149	117,579,971	4.14		7620		
2015-11-10,二	13.83		14.37		13.67		14.25		+2.59%		5.04%		8,152,109	114,362,584	3.95		7269		
2015-11-11,三	14.25		14.51		14.03		14.23		-0.14%		3.37%		6,744,233	96,025,398	3.27		4674		
2015-11-12,四	14.02		14.30		13.40		14.10		-0.91%		6.32%		11,487,562	158,215,030	5.57		7535		
2015-11-13,五	13.71		13.90		13.40		13.49		-4.33%		3.55%		5,995,633	81,419,384	2.90		4661		
2015-11-16,一	13.41		13.80		13.09		13.80		+2.30%		5.26%		6,236,670	84,588,339	3.02		5748		
2015-11-17,二	13.80		14.13		13.51		13.77		-0.22%		4.49%		7,381,963	102,777,111	3.58		5542		
2015-11-18,三	13.85		14.15		13.65		13.78		+0.07%		3.63%		6,330,864	88,404,113	3.07		4832		
2015-11-19,四	13.75		14.16		13.66		14.16		+2.76%		3.63%		5,091,023	70,754,946	2.47		3952		
2015-11-20,五	14.20		14.35		13.91		14.17		+0.07%		3.11%		6,888,423	97,313,422	3.34		4283		
2015-11-23,一	14.11		14.48		13.93		14.48		+2.19%		3.88%		7,142,366	101,170,450	3.46		4726		
2015-11-24,二	14.49		15.93		14.36		15.93		+10.01%		10.84%		15,700,718	242,371,480	7.61		10410		
2015-11-25,三	16.00		16.97		15.96		16.19		+1.63%		6.34%		13,807,350	225,931,840	6.69		11153		
2015-11-26,四	16.21		16.49		15.58		16.11		-0.49%		5.62%		6,811,319	109,262,920	3.30		6396		
2015-11-27,五	15.90		17.72		15.00		16.33		+1.37%		16.88%		13,385,569	224,332,440	6.49		10234		
2015-11-30,一	17.00		17.96		16.88		17.96		+9.98%		6.61%		18,637,272	331,574,610	9.03		9371		
2015-12-01,二	17.50		17.86		16.17		16.42		-8.57%		9.41%		14,462,623	247,196,480	7.01		9410		
2015-12-02,三	16.42		16.50		14.78		15.49		-5.66%		10.48%		10,722,178	164,734,950	5.19		8087		
2015-12-03,四	15.18		16.60		15.06		16.30		+5.23%		9.94%		8,333,668	132,748,055	4.04		6267		
2015-12-04,五	16.00		17.70		15.93		16.64		+2.09%		10.86%		12,162,352	204,764,470	5.89		9805		
2015-12-07,一	16.47		17.37		15.79		17.10		+2.76%		9.50%		7,506,771	124,953,681	3.64		7285		
2015-12-08,二	16.76		17.55		16.54		16.95		-0.88%		5.91%		5,975,244	102,284,071	2.90		5498		
2015-12-09,三	16.90		18.13		16.69		17.53		+3.42%		8.50%		10,665,228	187,424,610	5.17		9306		
2015-12-10,四	17.16		17.88		16.85		16.99		-3.08%		5.88%		4,743,512	81,695,703	2.30		4972		
2015-12-11,五	16.77		16.80		16.00		16.16		-4.89%		4.71%		5,302,002	86,309,895	2.57		4521		
2015-12-14,一	16.16		16.18		14.91		15.68		-2.97%		7.86%		7,999,045	122,756,557	3.88		6658		
2015-12-15,二	15.68		16.48		15.10		16.41		+4.66%		8.80%		9,207,641	145,370,720	4.46		7686		
2015-12-16,三	16.18		16.81		16.15		16.30		-0.67%		4.02%		7,069,049	116,113,665	3.42		6032		
2015-12-17,四	16.30		16.49		16.10		16.39		+0.55%		2.39%		6,362,125	103,799,952	3.08		6479		
2015-12-18,五	16.39		16.48		15.78		16.04		-2.14%		4.27%		5,718,047	91,643,801	2.77		4997		
2015-12-21,一	15.93		16.50		15.40		16.38		+2.12%		6.86%		7,953,522	126,601,925	3.85		6863		
2015-12-22,二	16.29		16.60		16.12		16.41		+0.18%		2.93%		5,890,506	96,482,388	2.85		4957		
2015-12-23,三	16.49		17.03		16.34		16.70		+1.77%		4.20%		8,846,759	148,136,670	4.29		7828		
2015-12-24,四	16.30		16.78		15.96		16.40		-1.80%		4.91%		4,721,365	77,527,055	2.29		4011		
2015-12-25,五	16.25		17.25		16.16		17.05		+3.96%		6.65%		7,994,249	135,047,250	3.87		7485		
2015-12-28,一	17.00		17.72		16.70		17.72		+3.93%		5.98%		8,049,413	138,133,070	3.90		7248		
2015-12-29,二	17.62		18.40		17.35		18.03		+1.75%		5.93%		9,366,279	168,529,570	4.54		7510		
2015-12-30,三	17.95		18.21		17.36		18.14		+0.61%		4.71%		5,822,829	103,971,470	2.82		5115		
2015-12-31,四	18.08		18.58		17.75		17.98		-0.88%		4.58%		5,720,462	103,554,152	2.77		3642		
2016-01-04,一	17.80		17.80		16.18		16.33		-9.18%		9.01%		4,154,890	69,191,071	2.02		3441		
2016-01-05,二	14.99		16.19		14.70		15.11		-7.47%		9.12%		7,076,250	107,624,626	3.43		6064		
2016-01-06,三	15.13		15.91		15.13		15.57		+3.04%		5.16%		8,877,322	138,490,920	4.31		6028		
2016-01-07,四	15.37		15.37		14.01		14.01		-10.02%		8.73%		1,247,600	17,971,016	0.605		1021		
2016-01-08,五	14.25		14.60		12.61		14.26		+1.78%		14.20%		11,184,724	156,972,800	5.43		5455		
2016-01-11,一	13.73		15.09		13.52		13.76		-3.51%		11.01%		7,638,328	110,800,737	3.71		5983		
2016-01-12,二	14.45		14.45		13.68		14.01		+1.82%		5.60%		5,645,679	79,198,085	2.74		4419		
2016-01-13,三	13.99		14.42		13.68		13.80		-1.50%		5.28%		3,678,726	51,971,940	1.78		3833		
2016-01-14,四	13.48		14.42		12.72		14.20		+2.90%		12.32%		4,741,695	65,548,968	2.30		3924		
2016-01-15,五	13.96		14.60		13.50		13.86		-2.39%		7.75%		4,033,110	57,469,301	1.96		3704		
2016-01-18,一	13.50		14.45		13.01		14.27		+2.96%		10.39%		2,858,775	40,308,734	1.39		2425		
2016-01-19,二	15.25		15.30		14.52		14.93		+4.63%		5.47%		4,277,659	63,606,127	2.08		3298		
2016-01-20,三	14.67		15.10		14.67		14.71		-1.47%		2.88%		2,609,362	38,793,011	1.27		2360		
2016-01-21,四	14.35		15.40		14.35		14.60		-0.75%		7.14%		3,139,879	47,085,585	1.52		3066		
2016-01-22,五	15.00		15.19		14.35		14.49		-0.75%		5.75%		4,897,955	71,531,585	2.38		3558		
2016-01-25,一	14.60		15.91		14.50		15.33		+5.80%		9.73%		5,030,363	76,845,364	2.44		4167		
2016-01-26,二	15.32		15.90		14.40		14.64		-4.50%		9.78%		4,173,391	64,048,033	2.02		4496		
2016-01-27,三	14.95		15.45		13.97		15.35		+4.85%		10.11%		3,921,105	57,851,081	1.90		3793		
2016-01-28,四	15.30		15.92		15.04		15.44		+0.59%		5.73%		4,167,372	64,735,361	2.02		4235		
2016-01-29,五	15.12		15.99		14.62		15.50		+0.39%		8.87%		4,736,214	72,984,954	2.30		5106		
2016-02-01,一	15.30		15.36		14.60		14.84		-4.26%		4.90%		4,388,508	65,329,181	2.13		3735		
2016-02-02,二	14.69		15.13		14.50		14.94		+0.67%		4.25%		4,147,216	61,433,759	2.01		4177		
2016-02-03,三	14.75		14.80		13.90		14.63		-2.07%		6.02%		3,663,471	52,151,097	1.78		3725		
2016-02-04,四	14.65		14.93		14.33		14.77		+0.96%		4.10%		3,012,209	44,498,987	1.46		2575		
2016-02-05,五	14.87		15.00		14.68		14.68		-0.61%		2.17%		1,814,003	26,930,660	0.880		1670		
2016-02-15,一	13.95		16.15		13.95		16.15		+10.01%		14.99%		7,537,029	118,199,155	3.66		5329		
2016-02-16,二	16.54		17.70		16.25		17.21		+6.56%		8.98%		8,708,803	148,425,210	4.22		6395		
2016-02-17,三	17.30		17.75		16.93		17.38		+0.99%		4.76%		6,505,911	113,006,002	3.16		4927		
2016-02-18,四	17.50		18.12		16.60		16.85		-3.05%		8.75%		6,319,074	110,224,087	3.07		4778		
2016-02-19,五	16.80		17.74		16.78		17.20		+2.08%		5.70%		6,537,214	113,007,801	3.17		4467		
2016-02-22,一	17.40		18.30		17.00		18.15		+5.52%		7.56%		8,680,036	153,563,360	4.21		5423		
2016-02-23,二	18.07		19.80		17.78		19.73		+8.71%		11.13%		8,284,554	154,277,290	4.02		6038		
2016-02-24,三	19.47		21.70		19.30		20.75		+5.17%		12.16%		11,920,047	248,621,050	5.78		8386		
2016-02-25,四	20.75		20.75		19.43		19.86		-4.29%		6.36%		8,830,941	177,185,360	4.28		6068		
2016-02-26,五	20.20		21.85		19.51		21.85		+10.02%		11.78%		12,928,007	266,484,480	6.27		7373		
2016-02-29,一	22.00		22.72		20.00		21.31		-2.47%		12.45%		11,627,462	252,826,720	5.64		9606		
2016-03-01,二	21.00		22.50		20.60		20.91		-1.88%		8.92%		9,183,800	199,497,330	4.45		7349		
2016-03-02,三	21.06		22.72		20.50		22.50		+7.60%		10.62%		10,015,631	213,238,620	4.86		7834		
2016-03-03,四	22.25		23.48		21.70		22.50		+0.00%		7.91%		9,082,256	204,982,530	4.41		8359		
2016-03-04,五	22.90		24.75		22.71		24.75		+10.00%		9.07%		12,027,350	289,824,320	5.83		9097		
2016-03-07,一	25.00		25.45		23.70		24.75		+0.00%		7.07%		14,369,322	349,306,750	6.97		12847		
2016-03-08,二	24.68		24.68		22.30		23.60		-4.65%		9.62%		12,565,656	290,176,270	6.10		10803		
2016-03-09,三	22.61		22.73		21.38		21.50		-8.90%		5.72%		12,125,500	267,212,590	5.88		11077		
2016-03-10,四	21.61		22.68		21.10		22.00		+2.33%		7.35%		8,197,403	180,185,400	3.98		8648		
2016-03-11,五	21.65		22.49		20.70		21.75		-1.14%		8.14%		6,182,761	134,337,310	3.00		7470		
2016-03-14,一	21.00		23.20		20.90		21.93		+0.83%		10.57%		11,622,687	254,926,880	5.64		10081		
2016-03-15,二	21.51		21.80		20.15		20.43		-6.84%		7.52%		10,224,032	212,434,710	4.96		9703		
2016-03-16,三	20.61		20.80		19.60		20.73		+1.47%		5.87%		8,219,949	166,726,830	3.99		7309		
2016-03-17,四	20.77		21.80		20.50		21.68		+4.58%		6.27%		8,695,298	186,139,970	4.22		9336		
2016-03-18,五	21.68		22.60		21.00		22.50		+3.78%		7.38%		10,611,073	231,183,210	5.15		9398		
2016-03-21,一	22.54		23.32		22.10		22.59		+0.40%		5.42%		11,502,486	259,738,680	5.58		9769		
2016-03-22,二	22.38		24.41		22.06		23.60		+4.47%		10.40%		10,553,779	248,447,550	5.12		10794		
2016-03-23,三	23.38		23.84		23.00		23.53		-0.30%		3.56%		5,630,018	131,772,277	2.73		6518		
2016-03-24,四	24.00		25.23		23.49		24.11		+2.46%		7.39%		9,356,313	228,825,840	4.54		9291		
2016-03-25,五	24.03		26.52		23.51		26.52		+10.00%		12.48%		9,729,192	250,254,340	4.72		10700		
2016-03-28,一	27.15		27.95		25.55		25.82		-2.64%		9.05%		12,442,935	333,100,150	6.04		19752		
2016-03-29,二	25.54		25.54		24.00		24.75		-4.14%		5.96%		7,347,289	182,073,530	3.56		11243		
2016-03-30,三	25.00		27.23		24.80		27.23		+10.02%		9.82%		9,927,851	261,270,650	4.82		11949		
2016-03-31,四	27.10		29.73		26.90		29.00		+6.50%		10.39%		12,613,662	357,651,490	6.12		16717		
2016-04-01,五	28.57		28.70		27.50		28.17		-2.86%		4.14%		7,960,801	223,514,550	3.86		11745		
2016-04-05,二	28.60		28.90		27.30		28.86		+2.45%		5.68%		7,724,842	217,188,570	3.75		11417		
2016-04-06,三	28.79		29.47		27.60		28.70		-0.55%		6.48%		10,479,920	298,538,920	5.08		12328		
2016-04-07,四	28.28		28.70		27.31		27.48		-4.25%		4.84%		6,888,458	190,878,650	3.34		9906		
2016-04-08,五	26.59		27.11		25.61		26.38		-4.00%		5.46%		7,494,123	196,609,030	3.64		8777		
2016-04-11,一	26.72		27.60		25.99		26.35		-0.11%		6.10%		8,236,563	221,198,820	4.00		8839		
2016-04-12,二	26.50		27.00		25.30		27.00		+2.47%		6.45%		8,313,774	216,326,210	4.03		9991		
2016-04-13,三	26.85		27.46		26.66		26.86		-0.52%		2.96%		6,706,872	181,293,390	3.25		10594		
2016-04-14,四	26.86		27.31		26.53		26.95		+0.34%		2.90%		3,961,014	106,373,955	1.92		5893		
2016-04-15,五	26.80		27.27		26.10		27.05		+0.37%		4.34%		6,728,968	179,789,140	3.26		9596		
2016-04-18,一	27.60		29.49		27.28		28.99		+7.17%		8.17%		11,192,995	320,301,890	5.43		14179		
2016-04-19,二	28.50		30.00		27.90		28.60		-1.35%		7.24%		8,876,495	256,049,400	4.31		11963		
2016-04-20,三	28.22		29.20		26.00		26.37		-7.80%		11.19%		9,426,882	258,246,970	4.57		11755		
2016-04-21,四	26.01		26.68		25.80		26.56		+0.72%		3.34%		5,093,023	133,990,014	2.47		6524		
2016-04-22,五	26.05		27.50		26.05		26.93		+1.39%		5.46%		3,655,103	98,513,854	1.77		4844		
2016-04-25,一	26.88		26.89		25.97		26.15		-2.90%		3.42%		2,338,500	61,383,152	1.13		3572		
2016-04-26,二	26.09		26.29		24.69		25.39		-2.91%		6.12%		4,877,751	122,864,454	2.37		7198		
2016-04-27,三	25.10		25.74		24.80		24.90		-1.93%		3.70%		3,769,431	94,554,773	1.83		4653		
2016-04-28,四	24.98		26.09		24.56		25.52		+2.49%		6.14%		5,083,166	129,634,151	2.47		7045		
2016-04-29,五	25.20		27.50		24.96		26.91		+5.45%		9.95%		5,204,508	136,560,420	2.52		7176		
2016-05-03,二	27.29		28.53		26.50		28.02		+4.12%		7.54%		4,501,008	125,517,963	2.18		5895		
2016-05-04,三	27.66		28.78		27.46		27.48		-1.93%		4.71%		5,051,149	142,436,320	2.45		6496		
2016-05-05,四	27.60		28.89		27.20		28.29		+2.95%		6.15%		3,493,854	98,645,980	1.69		5119		

